repository_name,classes,enum,records,interfaces,annotations,all_reference_types,simple_assignment,method_arguments,both_expressions
elasticsearch,26953,582,1322,41,505,29403,400230,1856594,2256824
RxJava,11729,35,101,9,0,11874,36824,154611,191435
retrofit,985,2,109,38,0,1134,3321,9894,13215
MPAndroidChart,259,17,30,0,0,306,4835,10716,15551
lottie-android,229,16,28,1,0,274,3280,6070,9350
glide,1381,19,126,15,0,1541,9242,34036,43278
dbeaver,6682,338,770,21,0,7811,66492,169017,235509
AndroidUtilCode,605,6,59,17,0,687,4820,18990,23810
selenium,1526,49,132,21,0,1728,13757,60505,74262
nacos,2336,42,181,16,0,2575,22519,75446,97965
butterknife,251,7,14,28,0,300,1574,4926,6500
fastjson,6109,126,85,9,0,6329,34452,66809,101261
EventBus,170,1,12,1,0,184,665,1600,2265
Signal-Android,3894,207,382,2,0,4485,32709,123641,156350
Hystrix,1925,35,45,7,0,2012,6338,25924,32262
gson,935,23,21,7,23,1009,5454,15995,21449
redisson,2918,151,392,12,0,3473,33923,167306,201229
Sentinel,1369,13,123,8,0,1513,9207,27387,36594
bazel,9716,389,967,51,1,11124,95583,472293,567876
RxAndroid,55,0,0,0,0,55,160,583,743
rocketmq,2193,83,154,3,0,2433,34068,100696,134764
shardingsphere,6580,120,493,12,0,7205,28230,163985,192215
fresco,1207,23,128,11,0,1369,10297,45540,55837
Android-Universal-Image-Loader,121,6,13,0,0,140,1309,2152,3461
tinker,463,4,43,2,0,512,8634,14498,23132
openapi-generator,11067,1160,513,15,0,12755,103580,311806,415386
keycloak,7470,226,883,60,0,8639,79331,315570,394901
APIJSON,52,2,13,2,0,69,2184,6303,8487
Android-CleanArchitecture,87,0,18,1,0,106,267,692,959
material-components-android,1798,6,115,72,0,1991,16209,50213,66422
Algorithms,445,10,8,0,0,463,9031,21170,30201
QMUI_Android,950,14,102,23,0,1089,8840,27508,36348
thingsboard,3429,156,481,31,0,4097,31740,136959,168699
logger,14,0,4,0,0,18,119,315,434
logstash,695,20,65,1,0,781,6613,23940,30553
Android-PickerView,79,2,10,0,0,91,829,1711,2540
tink,1339,12,59,2,0,1412,17720,67215,84935
AndroidAutoSize,46,1,4,0,0,51,271,636,907
deeplearning4j,4968,253,339,4,0,5564,94689,502452,597141
zuul,395,18,44,4,0,461,3611,12143,15754
stetho,500,13,74,4,0,591,2619,5113,7732
Matisse,62,1,13,2,0,78,645,1432,2077
piggymetrics,77,7,15,0,0,99,292,1291,1583
AndroidSwipeLayout,62,4,8,0,0,74,420,858,1278
AndroidViewAnimations,80,1,1,0,0,82,106,1134,1240
guice,3360,52,325,157,0,3894,7954,33524,41478
eureka,635,29,71,3,0,738,5209,15902,21111
DSA-Bootcamp-Java,222,1,11,0,0,234,1263,1450,2713
VasSonic,103,0,8,0,0,111,1282,3034,4316
questdb,4364,25,372,1,0,4762,59000,239853,298853
mit-deep-learning-book-pdf,1,0,0,0,0,1,0,0,0
onedev,6604,46,262,80,0,6992,30012,97081,127093
androidannotations,847,11,106,132,0,1096,5176,14262,19438
SlidingMenu,66,0,8,0,0,74,432,1153,1585
dex2jar,526,14,25,7,0,572,7017,17868,24885
vlayout,147,1,11,0,0,159,2978,5026,8004
android-async-http,150,0,4,0,0,154,905,3176,4081
MVPArms,103,1,45,3,0,152,880,1822,2702
jsoup,226,9,7,4,0,246,5467,18211,23678
cas,7150,97,516,10,81,7854,39744,154626,194370
android-interview-questions,1,0,0,0,0,1,0,1,1
Java-WebSocket,245,5,16,0,0,266,1911,8188,10099
Android-ObservableScrollView,327,3,5,0,0,335,1972,4259,6231
android-Ultra-Pull-To-Refresh,159,0,2,0,0,161,828,1833,2661
OpenRefine,1296,14,44,0,0,1354,12819,49248,62067
AndroidSlidingUpPanel,15,1,1,0,0,17,453,749,1202
MagicIndicator,92,1,10,0,0,103,723,1398,2121
Activiti,2716,45,458,7,0,3226,25536,99008,124544
android-gif-drawable,61,1,3,1,0,66,345,1149,1494
JsBridge,23,0,5,0,0,28,113,354,467
jjwt,336,1,123,0,0,460,2261,5557,7818
AndroidNote,7,1,0,0,0,8,79,175,254
testing-samples,80,3,1,0,0,84,300,1290,1590
VirtualAPK,159,0,4,0,0,163,1038,2608,3646
resilience4j,1209,18,124,20,0,1371,8158,38874,47032
android-gpuimage,143,2,8,0,0,153,947,2029,2976
CalendarView,159,0,17,0,0,176,2049,7717,9766
languagetool,2475,51,60,2,0,2588,34429,145138,179567
Android_Data,2,0,0,0,0,2,10,33,43
buck,9288,451,1147,37,0,10923,96485,396803,493288
quickstart-android,230,0,3,0,0,233,753,2645,3398
Android-SpinKit,69,1,1,0,0,71,277,676,953
doris,4912,242,191,14,0,5359,75795,243435,319230
AndResGuard,68,1,1,0,0,70,1366,2285,3651
Signal-Server,711,34,36,9,127,917,8092,48255,56347
Android-Debug-Database,57,0,4,0,0,61,607,1032,1639
shenyu,2746,68,231,58,0,3103,19316,69803,89119
checkstyle,7943,741,929,800,524,10937,33387,87655,121042
metrics,599,8,34,9,0,650,3844,18185,22029
UltimateAndroidReference,1,0,0,0,0,1,2,8,10
aws-doc-sdk-examples,1380,5,5,0,0,1390,15696,36345,52041
cachecloud,489,107,108,1,0,705,9743,29545,39288
AndroidPdfViewer,41,4,12,0,0,57,685,965,1650
RxJava-Android-Samples,83,0,3,0,0,86,247,1147,1394
vjtools,355,9,15,10,0,389,3088,10035,13123
Paper,8,0,3,0,0,11,22,12,34
hellocharts-android,124,5,24,0,0,153,2047,3000,5047
AndroidAsync,472,4,65,0,0,541,2303,5354,7657
android-classyshark,188,10,14,0,0,212,1692,3295,4987
dagger,434,2,7,12,0,455,949,3379,4328
Android-Bootstrap,54,8,17,3,0,82,2812,10262,13074
ShortcutBadger,29,0,2,0,0,31,203,491,694
sweet-alert-dialog,15,0,1,0,0,16,181,301,482
UltimateRecyclerView,326,15,41,0,0,382,2631,5470,8101
algs4,272,0,1,0,0,273,5942,9556,15498
swagger-core,1127,34,54,48,0,1263,5526,16008,21534
jmeter,1553,30,129,5,0,1717,24696,75060,99756
XPopup,270,7,27,1,0,305,1659,4272,5931
OpenSearch,14185,272,775,27,0,15259,196765,898770,1095535
beam,13292,214,1151,75,0,14732,95791,447315,543106
closure-compiler,2400,205,140,1,0,2746,41950,278006,319956
react-native-svg,148,19,21,0,0,188,1959,4997,6956
angel,1656,65,145,0,0,1866,57850,87744,145594
javacv,204,6,11,0,0,221,7404,13088,20492
react-native-push-notification,27,0,2,0,0,29,429,1062,1491
AndPermission,144,0,24,1,0,169,561,1403,1964
SDE-Interview-Questions,1,0,0,0,0,1,0,1,1
graylog2-server,4920,137,562,36,89,5744,31483,146659,178142
AndroidPerformanceMonitor,51,1,2,0,0,54,433,780,1213
aeron,970,42,79,5,0,1096,21592,73446,95038
flowable-engine,7697,57,1072,69,0,8895,87733,379976,467709
haven,73,0,6,0,0,79,871,2127,2998
RoundedImageView,14,1,0,1,0,16,239,606,845
android-floating-action-button,20,0,1,1,0,22,195,464,659
processing,885,8,29,0,0,922,22431,43389,65820
ion,252,4,33,0,0,289,1723,3414,5137
Android-Image-Cropper,28,6,6,0,0,40,1078,2321,3399
alluxio,3670,152,258,11,0,4091,48371,182822,231193
Android-skin-support,430,0,25,9,0,464,3577,9017,12594
async-http-client,503,16,48,1,0,568,4622,12816,17438
zeppelin,2049,153,47,2,0,2251,25201,83137,108338
richeditor-android,39,1,3,0,0,43,42,264,306
EffectiveAndroidUI,61,0,12,1,0,74,161,1219,1380
jsonschema2pojo,255,7,6,1,0,269,3393,14604,17997
AndroidPicker,189,5,41,12,0,247,2436,5518,7954
androidmvp,9,0,5,0,0,14,21,105,126
j2objc,9318,248,718,6081,0,16365,188835,512282,701117
blade,263,7,36,28,0,334,2926,9106,12032
junit5,2529,44,188,159,2,2922,8848,60081,68929
InfiniteCycleViewPager,35,1,5,0,0,41,820,1026,1846
DiscreteScrollView,78,6,7,1,0,92,519,1437,1956
AndroidProject,300,2,56,4,0,362,2035,6426,8461
Aegis,334,7,36,0,0,377,2781,9039,11820
AndroidImageSlider,50,6,7,0,0,63,863,1289,2152
Fast-Android-Networking,546,4,25,0,0,575,1787,8565,10352
useful-java-links,263,11,23,0,0,297,1704,4511,6215
react-native-splash-screen,12,0,0,0,0,12,17,55,72
zxing-android-embedded,87,2,7,0,0,96,860,2019,2879
android-job,175,5,9,0,0,189,1446,5609,7055
hazelcast,16399,297,1042,20,6,17764,230130,714820,944950
XRecyclerView,155,3,8,1,0,167,808,1670,2478
gradle-retrolambda,19,0,6,2,0,27,171,580,751
MagicCamera,334,4,14,0,0,352,2497,6851,9348
android-advancedrecyclerview,354,0,41,9,0,404,3815,6805,10620
Android-ZBLibrary,293,1,24,0,0,318,2250,5730,7980
android-lifecycle,5,1,0,0,0,6,10,429,439
vavr,528,10,89,0,0,627,7358,68243,75601
drools,9338,337,1580,50,0,11305,122181,383944,506125
Side-Menu.Android,15,0,3,0,0,18,78,162,240
AndroidVideoCache,69,1,7,0,0,77,683,2123,2806
HMCL,906,51,50,3,0,1010,7346,30631,37977
shimmer-android,7,0,0,2,0,9,123,259,382
socket.io-client-java,220,1,8,0,0,229,681,1698,2379
seatunnel,2063,117,193,4,0,2377,17890,49716,67606
lettuce-core,1220,131,304,11,0,1666,10078,52808,62886
android-zxingLibrary,49,1,2,0,0,52,437,831,1268
RxJava2-Android-Samples,185,0,0,0,0,185,225,1377,1602
FastBle,99,2,4,0,0,105,605,1217,1822
okdownload,286,3,54,0,0,343,2804,13547,16351
joda-time,530,1,26,0,0,557,19062,104299,123361
folding-cell-android,20,1,0,0,0,21,206,429,635
api-samples,37,5,0,0,0,42,600,1373,1973
camel,32682,560,3808,156,2,37208,168074,781218,949292
lucida,256,8,4,0,0,268,5911,8951,14862
AndroidStaggeredGrid,36,0,0,0,0,36,857,999,1856
ActiveAndroid,57,4,1,2,0,64,549,1560,2109
mapdb,244,0,19,1,0,264,3236,9086,12322
sofa-boot,873,3,86,26,0,988,4085,10665,14750
javaparser,1883,76,210,15,0,2184,23867,98906,122773
android-tips-tricks,1,0,0,0,0,1,2,8,10
spring-security-oauth,1079,9,87,10,0,1185,6489,21822,28311
web3j,1133,9,41,1,0,1184,6579,26100,32679
CameraView,481,21,32,7,0,541,3401,10337,13738
SwitchButton,27,0,0,0,0,27,343,622,965
linuxdeploy,34,0,3,0,0,37,417,1575,1992
starrocks,4778,184,88,9,0,5059,84611,253607,338218
cglib,405,0,93,0,0,498,2346,6701,9047
orientdb,4748,124,376,11,0,5259,93031,261717,354748
android-crop,26,2,3,0,0,31,284,737,1021
quasar,1212,15,118,7,0,1352,6999,19304,26303
FirebaseUI-Android,269,4,16,2,0,291,1953,8290,10243
bilibili-android-client,534,3,22,0,0,559,3329,6124,9453
SmoothProgressBar,45,0,3,1,0,49,395,711,1106
android-times-square,38,2,7,0,0,47,414,1810,2224
android-mvp-architecture,113,1,32,7,0,153,362,890,1252
Android-IMSI-Catcher-Detector,240,5,6,0,0,251,1930,5274,7204
JSqlParser,542,54,28,0,0,624,4507,16836,21343
XUI,1386,35,169,17,0,1607,13142,35931,49073
GT,1027,4,33,1,0,1065,11777,17570,29347
BottomNavigation,29,0,1,5,0,35,403,915,1318
Robust,38,0,4,2,0,44,470,1398,1868
BGARefreshLayout-Android,158,1,3,0,0,162,513,1415,1928
coursera-android,634,0,16,0,0,650,2888,7037,9925
armeria,4512,119,317,85,0,5033,34796,152918,187714
picocli,2771,36,63,10,0,2880,10212,48328,58540
java-algorithms-implementation,415,8,16,0,0,439,7355,12215,19570
lwjgl3,7568,16,408,2,0,7994,1788885,592420,2381305
hudi,2916,120,197,10,0,3243,44019,173557,217576
AndroidHttpCapture,296,7,15,0,0,318,2682,5289,7971
tx-lcn,192,4,27,1,0,224,1100,3436,4536
objectbox-java,298,20,37,21,0,376,3484,12516,16000
simplify,298,9,4,0,0,311,4262,13721,17983
mockserver,1052,25,38,3,0,1118,10171,106722,116893
PojavLauncher,408,2,79,1,0,490,41935,16765,58700
BGABanner-Android,47,1,5,0,0,53,258,952,1210
OpenHub,473,38,145,3,0,659,3109,10205,13314
javacpp,175,10,7,39,0,231,6901,15466,22367
Tangram-Android,511,3,60,3,0,577,4645,8234,12879
AndroidTutorialForBeginners,119,0,0,0,0,119,626,1348,1974
Gadgetbridge,2103,137,59,0,0,2299,24293,59536,83829
usb-serial-for-android,43,5,3,1,0,52,1116,3664,4780
spring-cloud-gateway,815,10,31,3,1,860,3825,15717,19542
sodium-fabric,269,27,46,0,11,353,2973,7010,9983
frontend-maven-plugin,64,2,18,0,0,84,488,1552,2040
MusicBot,81,2,1,0,0,84,727,1595,2322
TwinklingRefreshLayout,141,0,10,1,0,152,822,2252,3074
failsafe,201,1,36,0,0,238,1531,7237,8768
BigImageViewer,75,0,9,0,0,84,247,834,1081
android-iconify,28,10,5,0,0,43,134,318,452
oshi,502,62,42,4,0,610,7664,18581,26245
malmo,251,13,14,0,0,278,3751,7130,10881
opengrok,1022,29,42,7,0,1100,12589,45437,58026
jitsi,2849,46,346,0,0,3241,37245,87291,124536
SmartCropper,11,1,0,0,0,12,251,658,909
keepass2android,849,15,91,0,0,955,15863,25739,41602
Ant-Media-Server,698,46,220,2,0,966,15959,43742,59701
spruce-android,114,3,5,0,0,122,752,2327,3079
OsmAnd,4884,231,542,8,0,5665,89275,186008,275283
andOTP,134,19,13,0,0,166,1398,4278,5676
crate,6979,221,410,30,41,7681,70936,300984,371920
ASimpleCache,29,0,0,0,0,29,286,565,851
library,105,5,13,0,0,123,117,1508,1625
XChange,4604,239,269,5,0,5117,28286,80849,109135
blurkit-android,10,0,0,0,0,10,111,197,308
ChatKit,81,1,26,0,0,108,611,1747,2358
rejoiner,130,0,1,9,0,140,516,2285,2801
android-stackblur,40,0,1,0,0,41,195,236,431
DSBridge-Android,43,0,4,0,0,47,138,503,641
Skeleton,32,0,1,0,0,33,107,217,324
jetty.project,7181,173,398,14,0,7766,70928,241635,312563
Play-with-Algorithms,363,0,15,0,0,378,4859,5596,10455
retrolambda,173,0,67,2,0,242,504,2909,3413
MagicaSakura,69,0,15,0,0,84,761,2310,3071
FlexibleAdapter,289,7,30,5,0,331,2202,6828,9030
groupie,84,0,9,0,0,93,620,1979,2599
light-4j,997,19,95,1,0,1112,11581,31832,43413
serve,190,10,11,1,0,212,2767,8761,11528
data-transfer-project,666,30,66,3,0,765,6361,23049,29410
android-maps-utils,182,1,18,0,0,201,2129,8241,10370
kestra,781,19,47,25,0,872,4164,25494,29658
android,626,17,78,2,0,723,10166,29885,40051
android-priority-jobqueue,353,4,22,2,0,381,2160,7523,9683
AlgoDS,706,0,4,0,0,710,5652,7393,13045
Android-Week-View,17,1,9,0,0,27,480,1040,1520
AndServer,170,2,42,23,0,237,2002,4714,6716
Android,69,0,1,0,0,70,353,917,1270
spock,522,13,82,66,0,683,2961,9489,12450
logisim-evolution,1685,9,114,0,19,1827,33315,79660,112975
ipscan,363,4,16,0,0,383,1941,7738,9679
camunda-bpm-platform,9105,78,1206,52,0,10441,104140,420789,524929
megabasterd,188,1,6,0,0,195,3350,16546,19896
DDComponentForAndroid,41,2,8,2,0,53,241,542,783
GDA-android-reversing-Tool,15,0,0,0,0,15,163,353,516
android-hidden-api,4,0,0,0,0,4,61,222,283
Android-BluetoothKit,199,2,40,0,0,241,1110,2857,3967
immutables,1506,90,1009,209,0,2814,6210,32750,38960
leetcode-editor,285,3,9,0,0,297,1817,5651,7468
RxAndroidBle,396,7,55,33,0,491,2286,4413,6699
allure2,218,5,29,0,0,252,1450,7125,8575
LeafPic,244,6,27,3,0,280,2015,6435,8450
ffmpeg-android-java,41,1,5,0,0,47,131,418,549
tablesaw,615,56,82,0,0,753,9581,31583,41164
android-saripaar,140,3,5,29,0,177,834,1989,2823
incubator-streampark,279,44,78,3,0,404,2342,7922,10264
LoganSquare,184,5,3,5,0,197,1068,2851,3919
jvm-tools,529,8,83,1,0,621,4585,12208,16793
cobar,997,41,53,0,0,1091,14553,32656,47209
TextDrawable,15,0,3,0,0,18,145,303,448
StickerCamera,290,5,22,0,0,317,2525,5346,7871
VideoPlayerManager,98,4,18,0,0,120,443,1833,2276
brigadier,65,1,15,0,0,81,578,4070,4648
PRDownloader,148,2,10,0,0,160,382,1130,1512
openj9,6742,98,437,114,10,7401,178112,429655,607767
logging-log4j2,2990,64,287,38,0,3379,28632,98494,127126
android-mvp-mvvm-flytour,474,4,61,0,0,539,6281,2785,9066
linkis,1547,105,365,20,0,2037,14179,35510,49689
Digital,1596,40,173,0,0,1809,12702,51064,63766
optaplanner,2987,64,250,29,0,3330,30495,136686,167181
TableView,96,4,7,0,0,107,913,2353,3266
hertzbeat,390,5,46,3,0,444,3205,8506,11711
android,482,9,21,0,0,512,3863,7586,11449
jabref,1993,104,80,9,21,2207,20775,99578,120353
Carbon,396,17,41,0,0,454,6986,17977,24963
AndroidChromium,2409,53,272,26,0,2760,22239,48700,70939
jwt-spring-security-demo,31,0,2,0,0,33,82,263,345
react-native-fbsdk,36,0,0,0,0,36,152,662,814
MultiImageSelector,28,0,1,0,0,29,193,463,656
CompreFace,291,14,28,4,5,342,1549,7660,9209
Bastillion,64,0,0,0,0,64,1166,3105,4271
AndroidTVLauncher,30,0,0,0,0,30,242,344,586
yacy_search_server,1276,88,79,0,0,1443,33511,88183,121694
AndroidTreeView,43,0,2,0,0,45,426,930,1356
google-services,32,0,0,0,0,32,158,528,686
zotfile,0,0,0,0,0,0,0,0,0
akhq,248,9,9,1,0,267,2107,8307,10414
android-pathview,17,0,3,0,0,20,102,226,328
Android-Terminal-Emulator,144,0,6,0,0,150,2620,3917,6537
ByteX,298,10,39,7,0,354,2610,8125,10735
android-mvvm-architecture,87,1,26,6,0,120,308,836,1144
Android-Skin-Loader,80,0,14,0,0,94,551,1260,1811
jitwatch,536,20,30,0,0,586,6839,26342,33181
AndroidResideMenu,15,0,1,0,0,16,119,314,433
AarogyaSetu_Android,71,0,9,0,0,80,657,1625,2282
android-flip,85,0,1,0,0,86,570,1760,2330
binnavi,5567,73,444,0,0,6084,42722,237671,280393
mlkit,165,3,6,0,0,174,1887,4772,6659
ActivityRouter,32,0,4,3,0,39,130,389,519
xLog,121,0,17,0,0,138,572,1639,2211
unidbg,1547,25,134,0,0,1706,14604,35502,50106
awesome-android-complete-reference,4,0,0,0,0,4,13,22,35
VasDolly,23,0,0,0,0,23,345,712,1057
ExpectAnim,70,0,2,3,0,75,230,615,845
spring-data-elasticsearch,923,66,121,39,28,1177,7615,25695,33310
Android-Animation-Set,63,0,0,0,0,63,213,627,840
EFAK,349,8,51,0,0,408,4690,10955,15645
WorldEdit,1372,37,143,21,1,1574,17089,44209,61298
shattered-pixel-dungeon,2165,46,11,0,0,2222,20127,55335,75462
AndroidProcess,44,0,0,0,0,44,166,450,616
AppManager,1077,7,115,86,0,1285,17432,45979,63411
android-beacon-library,148,0,16,0,0,164,2474,6167,8641
OpenPDF,848,4,45,0,0,897,22121,48974,71095
GuillotineMenu-Android,15,0,1,0,0,16,40,78,118
GraphView,28,6,7,0,0,41,1014,985,1999
AlgorithmsSedgewick,243,0,2,0,0,245,4583,8099,12682
material-intro-screen,83,0,8,1,0,92,986,1457,2443
ArchUnit,3056,34,404,133,16,3643,7140,53460,60600
android-betterpickers,314,0,17,0,0,331,3389,6313,9702
jOOR,77,6,18,4,0,105,486,3890,4376
logback,1195,28,74,3,0,1300,10577,21949,32526
PatternLockView,32,0,1,3,0,36,332,518,850
500px-android-blur,6,0,0,0,0,6,53,110,163
ANR-WatchDog,22,0,3,0,0,25,62,89,151
Awesome-WanAndroid,308,0,70,3,0,381,1189,5004,6193
android-signaturepad,17,0,4,0,0,21,229,377,606
CainCamera,505,19,89,9,0,622,8579,15147,23726
mp4parser,653,4,23,3,0,683,7725,14204,21929
paho.mqtt.android,117,4,9,0,0,130,1335,3181,4516
android_design_patterns_analysis,11,0,1,0,0,12,34,27,61
elasticsearch-analysis-pinyin,16,0,0,0,0,16,790,1999,2789
android-database-sqlcipher,50,1,9,0,0,60,885,1892,2777
BGABadgeView-Android,24,1,2,1,0,28,288,656,944
android-open-source-project-analysis,144,1,16,0,0,161,461,1090,1551
signal-cli,326,27,64,0,163,580,3834,14977,18811
joda-time-android,21,0,0,0,0,21,349,2380,2729
DataSphereStudio,915,31,325,3,0,1274,7258,17122,24380
ProgressManager,46,0,1,0,0,47,223,461,684
truth,355,14,25,2,0,396,2556,27802,30358
react-native-sqlite-storage,14,4,0,0,0,18,441,968,1409
android-developer-roadmap,1,0,0,0,0,1,0,1,1
FabulousFilter,33,0,2,1,0,36,340,1522,1862
MasteringAndroidDataBinding,25,0,1,0,0,26,62,178,240
AndroidCamera,417,4,48,0,0,469,6214,12385,18599
keywhiz,494,8,6,9,0,517,4477,24174,28651
nutch,654,18,40,0,0,712,11721,27188,38909
java-string-similarity,41,0,7,0,0,48,324,944,1268
Chronicle-Map,577,25,133,1,0,736,7447,17744,25191
DiagonalLayout,6,0,2,2,0,10,39,181,220
Inspeckage,157,1,3,0,0,161,1377,3480,4857
storio,887,0,22,7,0,916,4550,17857,22407
paper-onboarding-android,22,0,4,0,0,26,156,312,468
pdfsam,555,25,32,0,44,656,2399,16407,18806
phimpme-android,883,10,43,0,0,936,74456,32658,107114
thymeleaf,1547,48,160,0,0,1755,14741,58867,73608
agrona,353,4,48,1,0,406,6691,21166,27857
stickers,29,0,1,0,0,30,354,878,1232
dynamic-tp,326,11,27,7,0,371,1450,4080,5530
AndroidGodEye,484,4,35,5,0,528,1957,5711,7668
ReactiveNetwork,46,0,3,0,0,49,403,1048,1451
WheelPicker,11,0,10,0,0,21,263,504,767
lbry-android,625,0,77,0,0,702,4837,14399,19236
loaderviewlibrary,10,0,1,0,0,11,33,158,191
Android-ItemTouchHelper-Demo,9,0,4,0,0,13,32,93,125
AndroidPhotoFilters,21,0,2,0,0,23,266,435,701
AndroidTagGroup,22,0,2,0,0,24,167,419,586
Album,170,0,27,5,0,202,1070,2728,3798
android-pulltorefresh,5,0,1,0,0,6,42,111,153
RxRelay,56,1,2,0,0,59,419,815,1234
syncthing-android,124,6,14,0,0,144,1370,4083,5453
AppAuth-Android,145,0,10,0,0,155,1875,7147,9022
FlatLaf,748,20,25,3,0,796,11715,42936,54651
classgraph,521,11,49,81,0,662,4310,11341,15651
cruise-control,677,55,39,3,0,774,11726,49705,61431
cyberduck,5996,228,390,6,0,6620,47764,210067,257831
tape,20,1,1,1,0,23,317,662,979
android-priority-jobqueue,129,3,12,0,0,144,752,2443,3195
zalenium,103,8,5,0,0,116,2277,7098,9375
Android-BLE,158,2,20,4,0,184,1175,2309,3484
RxCache,197,3,27,8,0,235,1271,4467,5738
spring-batch,2674,15,136,26,6,2857,14998,53229,68227
android-chat,1333,20,142,11,0,1506,9432,23527,32959
cardslider-android,29,0,2,0,0,31,395,509,904
RangeSeekBar,17,0,1,8,0,26,447,697,1144
android-samples,215,1,2,0,0,218,1526,5396,6922
EasyTransaction,379,3,58,23,0,463,1772,3649,5421
Smack,2534,130,193,3,0,2860,19056,46734,65790
Android-AdvancedWebView,8,0,1,0,0,9,71,501,572
Genius-Android,138,0,12,0,0,150,1868,2867,4735
GestureViews,157,6,23,0,0,186,1417,3263,4680
BGASwipeBackLayout-Android,65,0,4,0,0,69,502,1040,1542
incubator-hugegraph,1134,34,72,4,0,1244,18390,84466,102856
sofa-bolt,362,8,42,0,0,412,3862,10403,14265
sshj,405,20,55,0,0,480,2765,8438,11203
metadata-extractor,455,11,6,3,0,475,5632,20687,26319
rest.li,4521,134,414,73,0,5142,49645,181934,231579
webdrivermanager,135,3,0,0,0,138,1454,4195,5649
logstash-logback-encoder,359,1,24,0,0,384,2040,9157,11197
bt,753,43,123,10,0,929,7689,18909,26598
BottomSheet,40,0,1,0,0,41,341,631,972
NettyRpc,68,0,9,2,0,79,380,803,1183
White-Jotter,45,1,11,0,0,57,170,403,573
BGAPhotoPicker-Android,93,0,16,0,0,109,642,1907,2549
Android-Studio-Plugins,1,0,0,0,0,1,5,20,25
android-inapp-billing-v3,38,1,3,0,0,42,247,683,930
eclipse-collections,3061,10,293,1,0,3365,28503,205312,233815
jvm-sandbox-repeater,552,11,48,1,0,612,5406,9863,15269
Hijacker,232,0,0,0,0,232,1634,3588,5222
kafka-streams-examples,166,0,2,0,0,168,1539,7198,8737
android-sqlite-asset-helper,10,0,0,0,0,10,117,205,322
Algorithms,307,0,1,0,0,308,3409,5082,8491
android-parcelable-intellij-plugin,65,1,2,0,0,68,264,629,893
curator,44,0,1,0,0,45,129,602,731
gobblin,4576,153,389,16,0,5134,44234,153826,198060
webcam-capture,391,8,22,0,0,421,3372,6909,10281
ethereumj,1128,37,65,2,0,1232,15769,43371,59140
Android-Cheat-sheet,173,1,1,0,0,175,1304,1544,2848
PlaceHolderView,117,1,7,29,0,154,809,2531,3340
Android-ReactiveLocation,106,0,0,0,0,106,192,669,861
RetrofitUrlManager,28,0,7,0,0,35,112,346,458
philm,342,15,56,5,0,418,1640,4728,6368
UltimateAndroid,5166,110,385,6,0,5667,56824,102611,159435
ImageEditor-Android,121,1,10,0,0,132,1375,2472,3847
santa-tracker-android,490,10,31,1,0,532,4686,10531,15217
AnyChart-Android,604,115,7,0,0,726,2366,250153,252519
rootbeer,6,0,0,0,0,6,93,236,329
firebase-android-sdk,3288,100,293,71,0,3752,34991,147438,182429
find-sec-bugs,1019,12,176,31,0,1238,4294,17110,21404
amidst,372,58,30,7,0,467,3683,10875,14558
expandable-recycler-view,52,0,6,0,0,58,277,721,998
speedment,2681,97,927,11,0,3716,16973,104356,121329
squirrel,339,46,101,23,0,509,1601,6940,8541
android-ui-animation-components-and-libraries,1,0,0,0,0,1,0,1,1
JavaHamcrest,234,0,8,0,0,242,446,4524,4970
dinky,892,40,151,0,0,1083,9756,27112,36868
Chat2DB,296,27,30,2,0,355,1145,3471,4616
IndicatorSeekBar,28,0,4,0,0,32,611,1204,1815
expanding-collection-android,44,1,2,0,0,47,237,657,894
android-flowlayout,26,0,0,0,0,26,412,1671,2083
rtmp-rtsp-stream-client-java,242,11,23,0,0,276,3553,8968,12521
android-about-page,6,0,0,0,0,6,87,306,393
proguard,558,2,18,13,0,591,6806,25847,32653
pslab-android,520,10,20,0,0,550,6951,15745,22696
Create,2087,132,126,1,19,2365,73316,132648,205964
algorithms-sedgewick-wayne,1468,25,28,0,0,1521,22386,43142,65528
AndroidFillableLoaders,28,0,6,0,0,34,267,445,712
commonmark-java,265,4,30,0,0,299,1702,5542,7244
jOOL,232,0,174,0,0,406,5598,104554,110152
hypersistence-utils,2350,100,106,6,0,2562,9389,35740,45129
ExpansionPanel,41,0,4,0,0,45,108,458,566
snowflake,472,22,46,0,0,540,6666,13784,20450
android-demos,209,3,12,0,0,224,1273,2606,3879
dns66,101,1,4,0,0,106,732,3205,3937
Play-with-Data-Structures,544,0,61,0,0,605,5780,9281,15061
java-sec-code,82,0,4,0,0,86,607,1252,1859
intellij-plugins,6219,120,1095,5,3,7442,58715,203332,262047
airsonic,441,13,9,0,0,463,5861,20572,26433
socket.io-android-chat,33,0,0,0,0,33,88,207,295
android-testing-templates,13,0,0,0,0,13,32,115,147
limbo,295,12,9,0,0,316,2050,6122,8172
UniversalMediaServer,1042,75,40,0,0,1157,18437,68578,87015
kafka-monitor,88,0,9,0,0,97,943,3196,4139
phonegap-plugin-push,18,0,1,0,0,19,398,1124,1522
lancet,138,2,12,7,0,159,632,1797,2429
KJFrameForAndroid,142,3,19,7,0,171,1499,3047,4546
StarWars.Android,45,0,6,1,0,52,428,807,1235
SpringView,141,3,16,0,0,160,889,2302,3191
poli,108,0,0,0,0,108,1049,2888,3937
autopsy,3889,186,143,2,0,4220,42399,144978,187377
servicecomb-pack,580,14,58,6,0,658,3087,15929,19016
ambari,5178,189,348,14,0,5729,76608,285208,361816
AndroRAT,55,0,0,0,0,55,250,683,933
docx4j,4078,507,162,6,0,4753,51285,90853,142138
ninja,631,8,83,55,0,777,4116,19415,23531
CacheWebView,34,1,2,0,0,37,226,466,692
elasticsearch-hadoop,751,27,56,0,0,834,7990,28037,36027
binding-collection-adapter,85,0,11,0,0,96,452,1314,1766
android-backup-extractor,2,0,0,0,0,2,120,248,368
QRCodeReaderView,17,2,1,0,0,20,221,418,639
circle-menu-android,23,0,0,0,0,23,158,341,499
spring-cloud-config,585,6,23,7,0,621,5576,19158,24734
android-segmented-control,13,0,2,1,0,16,806,3011,3817
Hyperion-Android,301,2,36,4,0,343,957,2836,3793
Android-Boilerplate,48,0,4,3,0,55,148,393,541
soter,203,0,25,0,0,228,1165,3360,4525
Parse-SDK-Android,350,3,43,1,0,397,6242,21665,27907
DatePicker,31,2,3,0,0,36,535,819,1354
liteflow,2233,9,16,9,0,2267,4162,13276,17438
esProc,2567,9,60,0,0,2636,116521,155966,272487
servicecomb-java-chassis,3377,36,314,12,0,3739,18606,61018,79624
p6spy,134,1,21,0,0,156,1420,6622,8042
garland-view-android,48,0,2,0,0,50,439,787,1226
manifold,937,41,134,38,0,1150,10922,30184,41106
FrescoImageViewer,51,2,6,0,0,59,217,531,748
remote-desktop-clients,396,4,32,0,0,432,10006,12984,22990
xabber-android,1323,45,128,0,0,1496,9198,29644,38842
flyingsaucer,916,1,55,0,0,972,11069,24464,35533
t-digest,104,6,6,0,0,116,2101,4279,6380
open_nsfw_android,5,0,0,0,0,5,77,65,142
firebase-jobdispatcher-android,123,1,8,9,0,141,937,3497,4434
AndroidProcesses,31,0,1,0,0,32,145,452,597
Glowstone,1409,60,95,0,0,1564,10212,42774,52986
AndroidCustomView,121,0,15,0,0,136,1038,2169,3207
java-8-lambdas-exercises,200,2,29,0,0,231,488,1850,2338
open-event-organizer-android,453,1,110,1,0,565,2860,15099,17959
react-native-template-typescript,14,0,0,0,0,14,16,59,75
jdbi,1793,27,496,133,2,2451,6547,31402,37949
AndroidScrollingImageView,3,0,1,0,0,4,54,71,125
ureport,464,37,34,0,0,535,9021,9846,18867
ScreenRecorder,24,0,5,0,0,29,405,888,1293
welcome-android,106,2,3,0,0,111,444,1812,2256
react-native-date-picker,94,5,5,0,0,104,337,1536,1873
kilim,480,3,65,2,0,550,4905,7877,12782
copybara,931,67,68,9,0,1075,9529,53585,63114
codelibrary,268,6,1,0,0,275,5733,7089,12822
spydroid-ipcamera,144,0,5,0,0,149,1719,2854,4573
HaE,39,0,0,0,0,39,350,1083,1433
docker-maven-plugin,412,24,30,0,0,466,4476,19483,23959
dependency-track,503,42,15,0,18,578,8231,35789,44020
bookkeeper,3750,67,427,9,0,4253,44342,146609,190951
material-intro,71,0,10,4,0,85,685,1313,1998
AsciidocFX,228,4,39,1,1,273,2706,8539,11245
androrat,190,0,3,0,0,193,1984,5395,7379
CatServer,2242,217,545,12,0,3016,17293,52757,70050
Android-InfiniteCards,28,0,3,0,0,31,190,400,590
react-native-fcm,28,0,1,0,0,29,203,584,787
Android-Plugin-Framework,1128,3,13,1,0,1145,3938,79653,83591
tika,2012,79,121,1,0,2213,29046,87570,116616
android-examples,207,0,4,0,0,211,811,2577,3388
sms-backup-plus,217,14,7,0,0,238,1193,6151,7344
zip4j,136,14,7,0,0,157,2747,10431,13178
H-Viewer,381,1,29,0,0,411,5359,14998,20357
screenshot-tests-for-android,66,1,5,0,0,72,520,1543,2063
exchange-core,155,24,11,0,0,190,2466,9006,11472
Gaffer,2147,28,112,4,0,2291,20919,87691,108610
LeetCode-Sol-Res,756,1,2,0,0,759,6042,8300,14342
AndroidAnimationExercise,840,9,61,7,0,917,7706,15602,23308
hapi-fhir,5496,157,545,57,1,6256,93822,393746,487568
i2p.i2p,2505,96,180,1,0,2782,59243,127760,187003
neurolab-android,139,5,6,1,0,151,1930,3160,5090
sonarqube-community-branch-plugin,259,13,23,0,0,295,2252,11649,13901
AndroidStudy,243,3,15,0,0,261,1691,3857,5548
cpbook-code,142,0,0,0,0,142,2060,3440,5500
AndroidTagView,18,1,1,0,0,20,370,582,952
jobrunr,995,11,80,13,0,1099,4888,27387,32275
SectionedRecyclerViewAdapter,107,1,14,0,0,122,965,2916,3881
Peergos,780,32,109,0,0,921,16757,55908,72665
sidekick,338,8,44,2,0,392,1814,7341,9155
openhtmltopdf,733,34,79,1,0,847,9548,25872,35420
spring-security-react-ant-design-polls-app,41,1,5,1,0,48,205,416,621
AnExplorer,529,3,35,4,0,571,6886,15189,22075
ArcLayout,6,0,2,2,0,10,37,193,230
EasyReport,254,6,57,3,0,320,1421,8649,10070
jts,1750,2,75,1,0,1828,26291,60746,87037
simplenote-android,331,7,21,2,0,361,2413,7688,10101
ExpandableLayout,16,0,0,0,0,16,71,149,220
greedo-layout-for-android,11,1,1,0,0,13,154,220,374
Just-Another-Android-App,91,2,9,6,0,108,268,899,1167
Essentials,544,37,67,2,0,650,5924,25171,31095
TwelveMonkeys,1096,11,55,0,0,1162,18033,57437,75470
Discord4J,731,56,124,4,0,915,6684,19054,25738
syncany,692,34,25,10,0,761,6467,20160,26627
Universal-G-Code-Sender,1130,48,78,0,0,1256,13886,50443,64329
android-parallax-recyclerview,20,0,3,0,0,23,299,395,694
Jailer,1975,26,37,0,0,2038,28946,57139,86085
Android-BLE-Library,287,10,68,33,0,398,2457,6705,9162
jgit-cookbook,83,0,0,0,0,83,515,1209,1724
rapidoid,663,15,109,51,0,838,5952,22746,28698
GridPasswordView,13,1,3,0,0,17,79,166,245
CustomShapeImageView,31,0,0,0,0,31,429,1988,2417
JASONETTE-Android,163,0,2,0,0,165,2042,6416,8458
3dTagCloudAndroid,22,0,2,1,0,25,189,281,470
spring-microservices,48,0,6,0,0,54,105,207,312
CosmoCalendar,67,3,12,2,0,84,466,1199,1665
Lightweight-Stream-API,1441,2,79,0,0,1522,2440,15270,17710
Android_CN_OAID,63,0,12,0,0,75,467,934,1401
modeldb,478,3,32,0,0,513,11993,42956,54949
fastutil,162,3,16,0,0,181,5753,21304,27057
Android-Download-Manager-Pro,26,0,2,0,0,28,313,465,778
spring-data-redis,1215,81,254,20,8,1578,10787,81855,92642
AndroidAudioRecorder,11,3,0,0,0,14,81,247,328
chat-sdk-android,876,40,128,2,0,1046,6864,20754,27618
ormlite-android,35,0,2,0,0,37,310,728,1038
java-docs-samples,2668,13,40,0,0,2721,27303,73378,100681
json-schema-validator,267,5,6,0,0,278,1302,3584,4886
Android-MvvmComponent-App,518,3,36,1,0,558,2943,4405,7348
Algorithm-Guide,77,0,0,0,0,77,474,308,782
jooby,939,17,94,38,2,1090,6086,32389,38475
freeplane,2748,108,230,6,0,3092,24551,55600,80151
RxAndroidAudio,18,0,2,2,0,22,165,396,561
android-weak-handler,16,0,0,0,0,16,73,164,237
jnativehook,43,2,6,0,0,51,546,1274,1820
MaterialAbout,19,0,0,1,0,20,272,1185,1457
itext7,3317,81,259,3,0,3660,71513,202934,274447
PiracyChecker,49,0,4,0,0,53,311,655,966
spring-data-mongodb,2399,143,413,59,13,3027,15952,88233,104185
spoon,2861,110,375,84,12,3442,21471,75839,97310
google-authenticator-android,196,3,20,2,0,221,2146,7594,9740
flow-core-x,611,25,93,1,0,730,2929,10175,13104
AndroidWM,29,0,2,0,0,31,426,651,1077
blobsaver,38,3,0,1,2,44,347,1769,2116
googleads-mobile-android-examples,149,0,5,0,0,154,543,1531,2074
BurpBounty,127,0,41,0,0,168,2050,7145,9195
autobahn-java,179,0,25,2,0,206,1549,4055,5604
uaa,2088,34,100,7,0,2229,26792,139809,166601
react-native-geolocation-service,29,2,2,0,0,33,127,312,439
retrofit-spring-boot-starter,113,4,28,13,0,158,507,1396,1903
aima-java,979,16,145,0,0,1140,11376,37078,48454
bubbles-for-android,18,0,3,0,0,21,105,147,252
StateProgressBar,55,1,4,0,0,60,385,793,1178
ns-usbloader,104,4,1,0,0,109,1911,5804,7715
devops-master-class,34,0,3,0,0,37,69,159,228
itextpdf,1724,38,116,1,0,1879,35258,74173,109431
android-lite-orm,99,5,6,14,0,124,1105,2576,3681
Swipeable-Cards,19,2,2,0,0,23,182,533,715
logbook,502,10,63,2,0,577,2040,11195,13235
AndroidAll,467,2,21,6,0,496,933,3470,4403
libretorrent,458,19,52,0,0,529,5779,15343,21122
seldon-server,583,18,60,0,0,661,7306,13165,20471
mojito,230,8,52,2,0,292,2728,6442,9170
Mycat2,2878,132,310,12,0,3332,35789,94420,130209
android-edittext-validator,41,0,1,0,0,42,168,474,642
QuickReturn,73,3,5,0,0,81,826,2006,2832
TileView,38,2,15,0,0,55,397,745,1142
Virtualview-Android,271,0,18,6,0,295,3872,5830,9702
burpgpt,15,0,1,0,0,16,150,390,540
jellyfin-androidtv,319,1,2,0,0,322,2404,8425,10829
java,583,9,15,8,0,615,3091,8616,11707
siddhi,2360,35,72,6,0,2473,23436,74884,98320
ha-bridge,220,5,3,0,0,228,3877,6942,10819
gatk,2066,214,109,5,0,2394,33889,82145,116034
mysql_perf_analyzer,140,1,5,0,0,146,5352,11604,16956
PojavLauncher_iOS,267,1,59,0,0,327,39656,11939,51595
beautyeye,533,12,3,1,0,549,4731,15423,20154
AndroidTensorFlowMachineLearningExample,12,0,1,0,0,13,56,85,141
CountryCodePickerProject,32,4,9,0,0,45,606,2217,2823
riot-android,1042,5,55,3,0,1105,6786,20122,26908
androidWheelView,20,1,2,0,0,23,178,289,467
galen,789,21,33,5,0,848,4058,24414,28472
SchemaCrawler,822,50,83,12,0,967,8014,30929,38943
java-concurrency-patterns,59,0,2,2,0,63,280,497,777
android-morphing-button,38,0,3,0,0,41,246,656,902
BungeeCord,357,22,28,1,0,408,2308,9711,12019
tailor,109,6,0,0,0,115,1370,5916,7286
soapui,3486,53,422,29,0,3990,29205,89015,118220
Android-AlertView,12,1,2,0,0,15,98,252,350
loklak_server,300,32,11,2,0,345,7101,17054,24155
openpnp,1678,103,61,2,0,1844,22961,65762,88723
handlebars.java,643,14,27,1,0,685,2483,12873,15356
bitsail,1492,124,206,5,0,1827,16306,43241,59547
QBox,671,6,45,0,0,722,12882,11708,24590
Brida,84,7,0,0,0,91,1063,3493,4556
Android-AppMsg,9,0,1,0,0,10,103,244,347
openScale,327,18,4,0,0,349,3670,10946,14616
Android-StepsView,7,0,1,0,0,8,65,134,199
Amigo,190,0,6,0,0,196,1141,3732,4873
uber-apk-signer,28,3,0,0,0,31,463,1514,1977
hawtio,261,2,17,2,0,282,1895,5647,7542
essentials,113,3,1,0,0,117,987,2146,3133
EasyFlipView,23,1,1,0,0,25,98,224,322
Paginate,49,3,6,0,0,58,200,416,616
aws-serverless-java-container,242,2,5,0,0,249,2126,7699,9825
keystore-explorer,688,33,8,0,0,729,10996,40238,51234
smithy,2058,63,103,3,0,2227,15959,76578,92537
marquez,499,22,25,2,12,560,3418,18309,21727
Daedalus,74,0,0,0,0,74,684,1832,2516
forest,723,8,202,73,0,1006,7257,19717,26974
Burp-Non-HTTP-Extension,90,0,8,0,0,98,1671,2988,4659
ttorrent,245,7,52,0,0,304,2109,5796,7905
AndroidDeviceNames,9,0,1,0,0,10,79,163,242
FloatWindowPermission,20,0,1,0,0,21,146,385,531
AndroidTraining,1060,8,74,9,0,1151,5231,11489,16720
SimpleRatingBar,21,0,2,0,0,23,136,304,440
AndroidCharts,27,0,2,0,0,29,388,800,1188
SiliCompressor,28,0,0,0,0,28,661,1226,1887
opentelemetry-java-instrumentation,4118,209,177,11,0,4515,15214,76965,92179
img2latex-mathpix,22,0,0,0,0,22,217,945,1162
android-utils,71,1,1,0,0,73,1579,2727,4306
mastodon-android,619,26,18,7,0,670,4540,15183,19723
dr-elephant,322,20,9,0,0,351,4897,12273,17170
simple-stack,605,5,39,10,0,659,2137,9869,12006
openlauncher,228,11,42,0,0,281,2266,6572,8838
react-native-background-fetch,21,0,0,0,0,21,49,164,213
BlueMap,330,13,44,0,0,387,4479,9489,13968
androrat,226,0,5,0,0,231,2435,5583,8018
proxyee,70,1,6,1,0,78,339,786,1125
react-native-background-geolocation,22,0,0,0,0,22,130,694,824
android-flux-todo-app,18,0,2,0,0,20,67,118,185
android-3D-model-viewer,27,1,0,0,0,28,247,1139,1386
spring-boot-jwt,15,1,1,0,0,17,22,161,183
Android-ActionItemBadge,11,2,1,0,0,14,111,544,655
psi-probe,462,1,10,0,0,473,2881,7771,10652
AndroidAudioConverter,8,1,2,0,0,11,13,56,69
EMV-NFC-Paycard-Enrollment,71,15,6,1,0,93,1023,4249,5272
APIKit,44,1,1,0,0,46,643,1303,1946
myblog,49,8,22,0,0,79,320,771,1091
Quality-Tools-for-Android,12,0,1,0,0,13,68,194,262
TicketView,8,0,0,3,0,11,101,392,493
AndroidNetworkTools,48,0,4,0,0,52,252,526,778
webrtc_android,597,85,162,7,0,851,5356,13023,18379
FancyToast-Android,4,0,0,2,0,6,30,122,152
tracker-control-android,183,2,5,0,0,190,2533,7770,10303
java-game-server,204,8,56,0,0,268,1503,2276,3779
DDMQ,2009,153,120,5,0,2287,24211,63192,87403
Resty,310,8,26,11,0,355,3312,7128,10440
prettytime,161,0,6,0,0,167,1879,9712,11591
c3p0,196,0,26,0,0,222,2518,5980,8498
Hermes,105,0,10,6,0,121,542,960,1502
clickhouse-java,582,23,33,0,0,638,10901,54539,65440
recyclerview-playground,25,0,2,0,0,27,227,445,672
parboiled,347,1,27,12,0,387,1792,9289,11081
gradle-profiler,294,16,31,0,0,341,1520,4747,6267
todo.txt-android,202,5,8,0,0,215,1474,6133,7607
JustLive-Android,174,2,26,3,0,205,2618,3671,6289
LandscapeVideoCamera,32,3,3,0,0,38,540,1612,2152
jbang,372,9,8,0,0,389,4153,15793,19946
rest-client,58,5,0,0,0,63,1268,2267,3535
Starlight,27,1,4,0,0,32,912,1346,2258
android-demo-app,91,0,0,0,0,91,979,1816,2795
CircleProgressBar,10,0,1,2,0,13,110,233,343
Applied-Energistics-2,1763,130,294,5,111,2303,18166,67486,85652
openmrs-core,1167,28,113,14,0,1322,20375,73426,93801
sceneform-android-sdk,233,9,32,0,0,274,3519,6945,10464
light-novel-library_Wenku8_Android,602,16,36,0,0,654,11436,14293,25729
jbot,73,1,0,2,0,76,549,722,1271
spring-boot-react-oauth2-social-login-demo,32,1,1,1,0,35,87,280,367
dart,69,1,1,3,0,74,810,4900,5710
talon-for-twitter-android,1329,2,26,1,0,1358,11627,39014,50641
gnucash-android,362,14,11,0,0,387,4786,14783,19569
sa-sdk-android,694,14,69,9,0,786,5171,14747,19918
mycollab,1247,105,106,6,0,1464,7910,49795,57705
MLManager,62,0,0,0,0,62,324,1049,1373
MinecraftByExample,188,9,2,0,0,199,2833,7083,9916
couchbase-lite-android,43,0,0,0,0,43,285,791,1076
NetBare-Android,160,5,25,0,0,190,1408,2883,4291
PCAPdroid,158,23,17,0,0,198,2958,7094,10052
sdrtrunk,2541,308,173,0,4,3026,25151,65919,91070
oracle-db-examples,216,5,7,0,0,228,3080,7447,10527
gradle-docker-plugin,122,0,6,1,0,129,555,1475,2030
SecurityShepherd,497,0,0,0,0,497,11322,20923,32245
mobius,495,4,38,0,0,537,1229,4959,6188
conscrypt,786,36,33,2,0,857,7918,27979,35897
shiro-redis,29,0,2,0,0,31,335,782,1117
Mixin,424,40,77,38,0,579,4646,14056,18702
KCenter,177,3,15,0,0,195,2984,6114,9098
capsule,40,0,2,0,0,42,1510,7023,8533
high-performance-java-persistence,2068,31,82,0,13,2194,10004,31280,41284
Botania,1178,28,156,1,23,1386,12364,60509,72873
elephant-bird,471,9,7,0,0,487,3127,10150,13277
mp3agic,73,0,2,0,0,75,2200,6257,8457
Neo-Launcher,1013,14,123,30,0,1180,16277,36332,52609
intellij-swagger,309,4,10,0,0,323,853,7634,8487
freeotp-android,113,2,9,0,0,124,701,2062,2763
caja,666,54,51,14,0,785,10394,38553,48947
Taier,2008,166,180,4,0,2358,27607,65078,92685
android-gesture-detectors,8,0,3,0,0,11,103,83,186
BoostMultiDex,30,0,2,0,0,32,333,759,1092
android-templates-and-utilities,278,3,16,0,0,297,1443,3168,4611
PowerMenu,25,2,4,0,0,31,301,703,1004
pinduoduo_backdoor_unpacker,23,0,0,1,0,24,445,1296,1741
gdx-ai,505,7,42,2,0,556,3653,8189,11842
android-advanced,163,0,8,0,0,171,750,1825,2575
PickView,50,0,6,0,0,56,496,1104,1600
hollow,1469,26,120,10,0,1625,14164,50121,64285
logback-android,842,22,64,2,0,930,7966,18113,26079
datumbox-framework,375,17,18,3,0,413,5677,17462,23139
AntiFakerAndroidChecker,36,0,3,0,0,39,282,576,858
game-server,849,26,134,3,0,1012,11773,18303,30076
xodus,687,10,106,1,0,804,7065,17226,24291
Espresso,185,2,26,0,0,213,969,3999,4968
weblaf,2858,104,330,8,0,3300,22275,70787,93062
DataFixerUpper,317,17,115,0,25,474,1067,8370,9437
android-test,1938,56,123,108,0,2225,10543,41406,51949
javers,577,12,48,16,0,653,2356,8012,10368
android-dynamical-loading,198,0,20,0,0,218,2242,4838,7080
Android-SerialPort-API,28,0,0,0,0,28,103,166,269
raft-java,112,3,30,0,0,145,2047,2733,4780
Android-ScalableVideoView,9,2,0,0,0,11,73,191,264
xdocreport,1301,35,138,2,0,1476,15240,32336,47576
Android-InsecureBankv2,38,0,0,0,0,38,283,634,917
AnotherMonitor,78,0,0,0,0,78,603,1620,2223
pcap4j,874,35,42,0,0,951,12352,33591,45943
spring-master-class,64,0,3,1,0,68,94,322,416
AndroidHiddenApiBypass,14,0,0,0,0,14,89,295,384
VideoEditor-For-Android,179,4,14,0,0,197,1907,4497,6404
kylo,3045,152,531,19,0,3747,30472,91197,121669
hazelcast-jet,1944,36,95,1,0,2076,19221,80143,99364
sofa-tracer,661,22,52,1,0,736,5610,15565,21175
mapsforge,509,33,48,0,0,590,7098,19404,26502
MD360Player4Android,237,2,29,0,0,268,2185,3784,5969
algos,53,0,0,0,0,53,585,537,1122
SortableTableView,60,3,12,0,0,75,299,707,1006
Dali,89,4,9,0,0,102,641,1307,1948
infinispan,8973,386,1147,102,0,10608,81779,315983,397762
android-maven-plugin,1273,4,9,2,0,1288,7749,21654,29403
android-TopActivity,18,0,0,0,0,18,53,296,349
data-algorithms-book,495,0,0,0,0,495,3439,6022,9461
javacc,227,4,11,0,0,242,5540,11220,16760
react-native-background-task,5,0,0,0,0,5,25,53,78
Android-CircleDialog,131,1,36,1,0,169,1150,2321,3471
Doodle,91,4,14,0,0,109,1023,2332,3355
StickyScrollViewItems,4,0,0,0,0,4,57,140,197
VideoEnabledWebView,8,0,1,0,0,9,38,65,103
jbox2d,350,24,36,0,0,410,11904,12095,23999
FabricView,11,0,4,0,0,15,258,411,669
android-openGL-canvas,264,1,31,0,0,296,1489,4389,5878
progress-activity,9,0,1,0,0,10,246,1008,1254
AndrOBD,157,18,5,0,0,180,2981,7226,10207
rtree,216,4,17,0,0,237,1396,5848,7244
Priam,417,19,40,1,0,477,3398,10475,13873
BedrockConnect,28,2,0,0,0,30,515,1384,1899
java-diff-utils,61,3,4,0,0,68,928,3870,4798
android-checkout,235,6,17,0,0,258,1146,4656,5802
SingleDateAndTimePicker,62,0,19,0,0,81,613,1138,1751
aws-sdk-android-samples,85,0,6,0,0,91,434,1304,1738
sonar-java,7419,211,544,151,106,8431,34287,113703,147990
2048-android,1,0,0,0,0,1,17,42,59
Android-Video-Trimmer,44,1,5,0,0,50,413,755,1168
Learn-OpenGLES-Tutorials,133,1,14,0,0,148,1179,2973,4152
android-cube-app,160,0,1,0,0,161,379,1115,1494
NumberPicker,12,0,3,5,0,20,523,723,1246
cron-utils,201,6,4,2,0,213,2632,11091,13723
sqlite-android,106,1,9,2,0,118,1345,3931,5276
android-auto-update,16,0,0,0,0,16,74,180,254
constraintlayout,942,56,75,4,0,1077,33809,62843,96652
AndroidDemoProjects,378,4,3,0,0,385,1741,4913,6654
AndroidIM,52,1,3,0,0,56,297,564,861
AndroidTouchGallery,25,0,3,0,0,28,233,394,627
DataStructureAndAlgorithms,81,0,0,0,0,81,499,694,1193
AndroRAT,226,0,5,0,0,231,2435,5583,8018
android-fundamentals,212,2,0,0,0,214,976,2637,3613
AndroidArchitecture,32,1,5,1,0,39,55,150,205
AndroidMaterialDesignToolbar,17,0,1,0,0,18,188,450,638
AndroidQuick,57,0,6,1,0,64,732,1540,2272
android-fundamentals-apps-v2,189,1,4,0,0,194,711,2165,2876
andbase,1019,10,64,10,0,1103,11059,19812,30871
AndroidOcrLibs,18,0,0,0,0,18,173,322,495
AndroidSwipeableCardStack,22,0,2,0,0,24,162,291,453
AndroidSerialPort,17,1,2,0,0,20,92,166,258
AndroidScreencast,84,17,7,0,0,108,584,1337,1921
AndroidFaceInterview,8,0,2,0,0,10,12,34,46
AndroidIDE,4748,230,722,8,0,5708,231800,195041,426841
AndroidInstantVideo,77,0,8,0,0,85,372,791,1163
codeexamples-android,1955,7,45,1,0,2008,9239,24527,33766
AndroidTips,2,0,0,0,0,2,29,42,71
arcgis-runtime-samples-android,358,5,14,0,0,377,3375,11120,14495
android-basic-samples,57,0,4,0,0,61,289,837,1126
apps-android-commons,650,15,98,4,0,767,4218,17063,21281
AndroidTacticalAssaultKit-CIV,5431,149,459,0,0,6039,61670,160651,222321
android-pulltorefresh-and-loadmore,23,0,3,0,0,26,100,193,293
Android-Cookbook-Examples,704,8,22,0,0,734,3198,8359,11557
AndroidQuick,454,5,65,10,0,534,1376,3840,5216
AndroidKeyboardWatcher,8,0,1,0,0,9,10,27,37
android-pedometer,38,0,8,0,0,46,401,462,863
AndroidDocumentScanner,8,0,0,0,0,8,140,338,478
AndroidBase,194,10,28,1,0,233,1705,3677,5382
AndroidNavigation,86,2,9,0,0,97,1081,2425,3506
mixpanel-android,142,1,9,0,0,152,1366,4264,5630
android-samples,50,0,0,0,0,50,368,1396,1764
snippets-android,317,0,2,0,0,319,913,2601,3514
Mobile-SDK-Android,523,0,17,0,0,540,2216,6246,8462
aws-sdk-android,14679,676,225,19,0,15599,128008,222409,350417
alicloud-android-demo,148,0,2,2,0,152,553,1690,2243
AndroidScreenShot_SysApi,12,0,1,0,0,13,42,111,153
AndroidUT,87,0,4,2,0,93,207,930,1137
Android-Blog-Source,67,0,4,0,0,71,237,765,1002
quickblox-android-sdk,639,6,47,0,0,692,3334,10524,13858
wallet-android,1813,49,188,0,0,2050,21441,37523,58964
PayPal-Android-SDK,4,0,0,0,0,4,45,215,260
androidclient,771,5,60,3,0,839,7697,19522,27219
spring-and-hibernate-for-beginners,844,0,97,4,0,945,2025,3567,5592
spring-android-samples,147,0,3,0,0,150,497,1272,1769
EsptouchForAndroid,47,0,11,0,0,58,701,995,1696
processing-android,372,2,16,0,0,390,16373,29318,45691
mapbox-android-demo,680,0,8,2,0,690,2319,14168,16487
android-numberpicker,19,0,3,0,0,22,401,661,1062
AndroidTensorFlowMNISTExample,16,0,1,0,0,17,123,140,263
openalpr-android,17,0,1,0,0,18,108,225,333
android-testdpc,350,1,40,2,0,393,3994,13535,17529
Google-Directions-Android,25,2,2,0,0,29,205,351,556
diva-android,22,0,0,0,0,22,107,363,470
android_sdk,317,8,29,0,0,354,3607,10419,14026
spring-android,552,12,87,6,0,657,4371,19152,23523
Advanced_Android_Development,44,0,2,1,0,47,769,1724,2493
ECommerce-App-Android,125,2,12,0,0,139,894,2791,3685
android-transcoder,48,1,6,0,0,55,447,936,1383
AndroidDeveloperAdvancedManual,1,0,0,0,0,1,0,0,0
android_packages_apps_Trebuchet,650,9,79,1,0,739,12336,21566,33902
alpha-wallet-android,1299,77,135,4,0,1515,15351,44273,59624
android-lifecycles,35,0,0,0,0,35,50,171,221
AndroidProxySetter,5,0,0,0,0,5,89,167,256
AndLinker,90,0,17,6,0,113,438,812,1250
android-training,45,0,0,0,0,45,137,421,558
androidplot,238,36,17,0,0,291,2255,10472,12727
android-storage,51,5,8,0,0,64,239,529,768
android-wheel,45,0,6,0,0,51,298,641,939
news-android,256,10,22,0,0,288,2547,7098,9645
gauges-android,73,0,4,0,0,77,383,765,1148
Android-Rate,13,1,1,0,0,15,71,151,222
android-smsmms,246,6,49,2,0,303,4748,9074,13822
Android-Next,283,4,39,0,0,326,2902,7705,10607
AndroidLocalizePlugin,71,0,8,0,0,79,591,2023,2614
android-sdk,480,2,46,0,0,528,3713,7168,10881
android-app,220,15,26,0,0,261,2507,7008,9515
Bluetooth-LE-Library---Android,48,3,1,0,0,52,831,1885,2716
Bugly-Android-Demo,35,0,0,0,0,35,77,277,354
onebusaway-android,674,5,86,0,0,765,7679,21473,29152
aliyun-oss-android-sdk,410,7,12,0,0,429,3836,8379,12215
Android-Pdf-Viewer-Library,199,1,5,0,0,205,3909,4851,8760
osmtracker-android,167,1,3,0,0,171,1721,4542,6263
android-sliding-layer-lib,14,0,2,0,0,16,306,474,780
android-youtubeExtractor,23,2,0,0,0,25,323,875,1198
android-room-with-a-view,13,0,1,0,0,14,44,99,143
Data-Structures-and-Algorithms,200,0,0,0,0,200,1900,2031,3931
OneSignal-Android-SDK,818,21,60,0,0,899,5467,18731,24198
SVG-Android,2201,0,13,0,0,2214,14653,218129,232782
android-ColorPickerPreference,12,0,2,0,0,14,314,413,727
WanAndroid,868,7,100,0,0,975,2969,7882,10851
Android-Image-Slider,106,5,9,1,0,121,1450,2073,3523
ESCPOS-ThermalPrinter-Android,49,0,2,0,0,51,748,891,1639
countly-sdk-android,205,8,30,0,0,243,3070,12890,15960
android_tv_metro,217,1,23,0,0,241,1720,3085,4805
AndroidFastScroll,41,0,5,0,0,46,260,651,911
FFmpeg-Android,21,1,7,0,0,29,92,222,314
Android-Smart-Login,24,2,1,0,0,27,117,241,358
bookdash-android-app,200,0,44,0,0,244,951,2776,3727
android_virtual_cam,42,1,1,0,0,44,320,642,962
Android,101,11,8,0,0,120,2172,9939,12111
android-browser-helper,145,0,15,2,0,162,1314,3463,4777
android-rss,38,0,5,0,0,43,147,452,599
android-player,16,0,3,0,0,19,174,307,481
GPUVideo-android,152,7,12,0,0,171,1321,2959,4280
Simple-Android-OCR,2,0,0,0,0,2,37,73,110
vlc-android-sdk,78,2,20,0,0,100,799,932,1731
android-play-publisher-api,6,0,0,0,0,6,80,192,272
PdfBox-Android,959,31,41,0,0,1031,17926,40509,58435
sealtalk-android,1769,24,91,1,0,1885,9190,23527,32717
pingpp-android,5,0,0,0,0,5,47,120,167
Android-Zxing,79,4,4,0,0,87,886,1746,2632
deltachat-android,691,18,97,0,0,806,7100,23954,31054
android_rtmppush_sdk,93,0,0,0,0,93,1490,207,1697
Android-DFU-Library,54,0,9,2,0,65,1120,2311,3431
Android-Interview,1,0,0,1,0,2,0,0,0
VideoWorld_Android,399,10,9,2,0,420,4035,8729,12764
android-mvp-pattern,37,0,15,0,0,52,115,327,442
EasyPusher-Android,93,0,5,0,0,98,920,1863,2783
Android-SmartWebView,19,1,1,0,0,21,316,858,1174
Mp4Composer-android,102,7,11,0,0,120,1256,2437,3693
WanAndroid,478,6,47,10,0,541,2889,6970,9859
StompProtocolAndroid,20,2,5,0,0,27,144,411,555
android-network-discovery,62,0,0,0,0,62,685,1389,2074
android-DecoView-charting,68,6,3,0,0,77,643,1691,2334
android-filepicker,30,0,3,0,0,33,222,497,719
notes-android,196,5,21,0,0,222,1655,8773,10428
bither-android,1774,19,76,0,0,1869,11052,25320,36372
live-app-android,153,0,7,2,0,162,536,1571,2107
android-heart-rate-monitor,5,1,0,0,0,6,114,63,177
hn-android,96,5,2,0,0,103,583,1482,2065
kdeconnect-android,260,8,27,1,0,296,3075,8299,11374
android-tagview,19,0,2,0,0,21,159,428,587
AR-RTMPC-Android,138,1,5,0,0,144,562,1334,1896
kickflip-android-sdk,107,6,6,0,0,119,1019,2544,3563
samourai-wallet-android,648,13,26,1,0,688,8235,22251,30486
Android-AlarmManagerClock,18,0,2,0,0,20,125,345,470
androidtv-sample-inputs,111,0,10,0,0,121,1315,3439,4754
android-simple-tooltip,21,0,2,0,0,23,265,459,724
NodeMediaClient-Android,5,0,3,0,0,8,81,86,167
android-speech,39,2,9,0,0,50,296,495,791
blinkid-android,133,3,1,0,0,137,551,2287,2838
messenger-app-android,77,0,2,0,0,79,632,1226,1858
awesome-android-things,2,0,0,0,0,2,17,36,53
Android-tv-widget,154,0,14,0,0,168,1327,2733,4060
android-otpview-pinview,4,0,1,0,0,5,159,339,498
full-stack-with-angular-and-spring-boot,34,0,1,0,4,39,62,215,277
android_packages_apps_apolloMod,159,2,4,0,0,165,2467,4434,6901
sceneform-android,251,13,40,0,0,304,3604,7821,11425
android-vpn-client-ics-openvpn,171,5,7,0,0,183,2251,5050,7301
android-arscblamer,52,5,2,11,0,70,635,1528,2163
android-kline,238,17,31,0,0,286,4963,9393,14356
Android-Rich-text-Editor,260,4,19,0,0,283,2330,4627,6957
hyperlog-android,30,1,2,0,0,33,245,551,796
android-ago,16,0,0,0,0,16,59,121,180
Player_Android,471,9,60,0,0,540,3545,6861,10406
wh-app-android,100,1,14,0,0,115,668,2030,2698
full-stack-with-react-and-spring-boot,25,0,2,0,0,27,75,181,256
LazyWaimai-Android,298,8,57,9,0,372,1495,3818,5313
android-dagger2-example,10,0,2,4,0,16,33,83,116
rexxar-android,104,0,12,0,0,116,863,2927,3790
photo-editor-android,54,2,7,0,0,63,905,1630,2535
android-switch-backport,9,0,0,0,0,9,33,105,138
opengles4android,57,0,4,1,0,62,328,1194,1522
AserbaosAndroid,1484,7,87,17,0,1595,14436,31042,45478
MaterialDialog-Android,26,1,5,0,0,32,68,261,329
android-empty-layout,3,0,0,0,0,3,75,83,158
Android-GetAPKInfo,418,17,26,4,0,465,6218,13833,20051
Android-TensorFlow-Lite-Example,13,0,1,0,0,14,62,99,161
prey-android-client,437,2,7,2,0,448,4702,11273,15975
sbt-android,483,6,32,26,0,547,3602,8511,12113
Android-RateThisApp,14,0,1,0,0,15,89,178,267
Android-Scanner-Compat-Library,39,0,0,0,0,39,551,1011,1562
FFmpeg-Video-Editor-Android,30,0,0,0,0,30,229,492,721
vosk-android-demo,1,0,0,0,0,1,17,112,129
evernote-sdk-android,226,4,5,0,0,235,731,2356,3087
android_maskable_layout,4,0,0,0,0,4,66,96,162
Android-Camera,104,0,5,0,0,109,557,1857,2414
Android-RTEditor,207,8,30,0,0,245,2792,12271,15063
Android-SerialPort-Tool,35,0,1,0,0,36,125,290,415
vehicle-keyboard-android,64,4,9,0,0,77,445,1331,1776
AndroidBitmapMonitor,37,2,6,0,0,45,246,409,655
threema-android,2683,54,310,54,0,3101,27237,144887,172124
BGABaseAdapter-Android,87,2,11,0,0,100,399,1316,1715
LoginUI-Android,6,0,0,0,0,6,16,30,46
Android-Wheel-Menu,4,0,1,0,0,5,35,62,97
android-verticalseekbar,5,0,0,0,0,5,79,195,274
frpc-Android,43,0,4,0,0,47,510,961,1471
mlkit-material-android,59,3,3,0,0,65,627,1496,2123
android-archetypes,11,0,0,0,0,11,146,766,912
android-unit-testing-tutorial,58,0,4,1,0,63,84,288,372
CJFrameForAndroid,24,0,4,0,0,28,256,610,866
blessed-android,122,17,1,0,0,140,1134,6019,7153
android-audio-visualizer,27,0,0,0,0,27,152,349,501
android-openslmediaplayer,585,5,41,0,0,631,4958,12030,16988
nim-uikit-android,468,2,54,0,0,524,3451,11226,14677
android-test-demo,10,0,3,0,0,13,12,56,68
android-sku,44,4,3,0,0,51,444,970,1414
Algorithms-and-Data-Structures-in-Java,471,2,3,0,0,476,3904,8191,12095
mollyim-android,3837,206,390,2,0,4435,32107,119217,151324
WaniKani-for-Android,275,7,18,0,0,300,1844,4766,6610
data-structures-and-algorithms-made-easy-in-java,177,0,0,0,0,177,1487,1169,2656
realm-android-adapters,34,0,0,0,0,34,184,491,675
Android-Goldfinger,67,3,12,0,0,82,212,719,931
exposure-notifications-android,518,17,23,14,0,572,4979,19886,24865
android-mvvm,94,1,6,0,0,101,151,429,580
FitAndroid7,4,0,0,0,0,4,19,82,101
FancyGifDialog-Android,10,0,1,0,0,11,41,91,132
android-starter,55,0,12,5,0,72,124,502,626
JWTDecode.Android,12,0,1,0,0,13,181,840,1021
grocy-android,710,0,107,1,0,818,8791,26831,35622
Android-ExpandIcon,5,0,0,1,0,6,74,129,203
Android-WYSIWYG-Editor,89,7,2,0,0,98,704,1663,2367
node-android,734,18,96,0,0,848,7770,12279,20049
android-oauth-client,199,0,9,0,0,208,931,2647,3578
android-multipicker-library,119,0,9,0,0,128,947,1993,2940
eventuate-tram-examples-customers-and-orders,73,1,7,0,0,81,227,748,975
puree-android,95,0,8,0,0,103,216,834,1050
TinyDB--Android-Shared-Preferences-Turbo,1,0,0,0,0,1,39,121,160
Android-Touch-Helper,55,0,0,0,0,55,459,647,1106
android-materialshadowninepatch,18,0,0,0,0,18,208,353,561
android_additive_animations,85,1,7,0,0,93,399,1304,1703
Android-Lock9View,8,0,1,0,0,9,67,155,222
mvp-android-arch-component,28,1,12,4,0,45,69,334,403
libphonenumber-android,77,9,11,0,0,97,1795,11414,13209
android-maps-extensions,100,1,38,0,0,139,555,6071,6626
snapdrop-android,39,2,0,0,0,41,216,918,1134
PowerTunnel-Android,53,2,1,0,0,56,330,1660,1990
WanAndroid,121,2,6,5,0,134,448,1277,1725
TrustKit-Android,86,2,0,0,0,88,655,1535,2190
onboarding-examples-android,22,0,0,0,0,22,139,370,509
android-mvp-interactor-architecture,126,1,40,7,0,174,368,902,1270
eventuate-tram-sagas-examples-customers-and-orders,84,2,3,0,0,89,192,651,843
react-native-extra-dimensions-android,3,0,0,0,0,3,25,74,99
Accessibility-Test-Framework-for-Android,132,6,13,0,0,151,2013,5734,7747
android-intents,10,0,1,0,0,11,59,392,451
Android-Orma,739,8,15,13,0,775,3356,14464,17820
android-fly-materialdesign,437,1,33,2,0,473,2501,5789,8290
direct-select-android,17,0,0,0,0,17,119,280,399
material-remixer-android,159,3,5,6,0,173,690,2268,2958
BlurTestAndroid,107,3,6,0,0,116,871,1996,2867
Hands-On-Microservices-with-Spring-Boot-and-Spring-Cloud,874,13,165,0,0,1052,5550,20080,25630
android_scratchoff,18,2,6,0,0,26,191,289,480
APNG4Android,117,1,5,0,0,123,706,1044,1750
InstagramLikeColorTransitionAndroid,3,0,0,0,0,3,3,11,14
Godot-Android-Admob-Plugin,23,0,4,0,0,27,74,360,434
android-gradle-java-app-template,10,0,0,0,0,10,29,153,182
rdVideoEditSDK-for-Android,73,0,2,0,0,75,2838,2472,5310
BGATransformersTip-Android,35,0,4,4,0,43,338,682,1020
NativeAlphaForAndroid,29,0,1,0,0,30,473,1553,2026
syncthing-android,190,4,16,0,0,210,2935,8859,11794
SMAPI-Android-Installer,291,9,13,2,0,315,3499,8010,11509
android-holo-colors-idea-plugin,4,0,0,0,0,4,66,109,175
CosmosBrowserAndroid,19,1,0,0,0,20,146,197,343
doodle-android,90,0,6,0,0,96,1502,4084,5586
Android-Support-Preference-V7-Fix,62,0,3,2,0,67,603,1309,1912
tut-spring-boot-oauth2,10,0,0,0,0,10,8,93,101
kafka-examples,31,0,1,0,0,32,198,550,748
react-native-music-control,12,1,0,0,0,13,186,484,670
lcm,540,2,38,0,0,580,6441,11330,17771
ranger,2035,55,65,5,0,2160,45615,118009,163624
minimal-json,112,0,1,0,0,113,565,3680,4245
study,138,8,13,3,0,162,215,1284,1499
spring-cloud-dataflow,1583,51,99,24,0,1757,13012,62296,75308
java-koans,236,4,18,1,0,259,1055,3267,4322
hacktoberfest2021,217,0,0,0,0,217,1604,1725,3329
cloudsim,329,0,7,0,0,336,5568,11504,17072
oauth2lab,103,0,4,0,0,107,166,497,663
spring-web-services,73,2,6,0,0,81,170,384,554
dslabs,226,6,21,7,0,260,2061,8020,10081
bigquery-utils,137,5,7,0,0,149,1643,4176,5819
universal-resolver,46,0,9,0,0,55,522,1381,1903
memory-game,72,2,3,0,0,77,409,933,1342
ud867,197,0,0,0,0,197,105,350,455
samples,68,0,0,0,0,68,104,327,431
openremote,1078,100,110,7,0,1295,12126,45358,57484
unfolding,385,1,5,0,0,391,3227,9896,13123
FirefoxReality,412,15,80,31,0,538,5757,15501,21258
wdl,175,8,56,0,0,239,7157,47282,54439
CERMINE,686,15,35,0,0,736,6439,16121,22560
jkube,1326,86,68,0,0,1480,9999,50857,60856
camunda-7-code-examples,2139,58,25,4,0,2226,18864,44811,63675
JustEnoughItems,436,21,158,2,18,635,4223,11276,15499
bladecoder-adventure-engine,641,27,27,3,0,698,6329,16155,22484
microcks,318,8,22,2,1,351,4517,12713,17230
customers-stores,16,1,3,0,0,20,60,142,202
jmqtt,109,8,19,0,0,136,878,2190,3068
NBAPlus,180,7,7,0,0,194,1051,2160,3211
jslt,153,0,11,0,0,164,967,2610,3577
Player,108,2,13,0,0,123,1754,3579,5333
daff,2,0,0,0,0,2,74,146,220
incubator-celeborn,371,14,22,0,0,407,4950,15556,20506
opencensus-java,1129,19,18,5,0,1171,6940,33636,40576
carrot2,661,6,65,3,0,735,9114,26280,35394
coral,273,4,6,0,0,283,3966,16418,20384
rome,435,5,74,0,0,514,6018,15536,21554
spring-boot-master-class,94,0,11,0,0,105,269,823,1092
rxjava-jdbc,179,1,12,3,0,195,757,3473,4230
react-native-fingerprint-scanner,9,0,0,0,0,9,22,67,89
rars,648,6,11,0,0,665,5938,13071,19009
JAVMovieScraper,242,7,6,0,0,255,3989,7870,11859
sparrow,873,39,31,0,23,966,8903,30023,38926
rultor,226,0,11,0,0,237,1235,7282,8517
TestFX,227,3,29,4,0,263,1420,10208,11628
yanagishima,99,2,6,1,0,108,562,2670,3232
restheart,558,24,36,3,17,638,6142,24423,30565
gcm,118,1,2,0,0,121,1149,3959,5108
mvvm-sample-app,27,0,7,0,0,34,35,118,153
SimpleFlatMapper,3252,22,200,9,0,3483,11717,45649,57366
delverengine,698,88,12,2,0,800,16633,29110,45743
JCL,62,2,6,0,0,70,521,1104,1625
bazel-buildfarm,631,12,52,0,0,695,6203,38613,44816
microservice-integration,109,2,15,1,0,127,427,946,1373
scrimage,458,9,32,0,0,499,8183,10720,18903
WorldGuard,362,13,27,0,0,402,4268,15008,19276
bank-of-anthos,47,0,7,0,0,54,342,1072,1414
VideoClipEditViewTest,213,12,13,0,0,238,2732,6321,9053
cointrader,327,14,54,7,0,402,5939,17267,23206
react-native-wechat-lib,27,0,2,0,0,29,230,506,736
freddy,55,4,0,0,0,59,581,1593,2174
xipki,881,41,19,0,0,941,12059,31030,43089
flume,957,17,32,1,0,1007,9959,26120,36079
react-native-callkeep,20,0,0,0,0,20,276,1040,1316
Argus,802,90,51,4,0,947,15244,52195,67439
ozone,3637,154,279,23,0,4093,62699,206521,269220
jte,299,23,28,1,0,351,1606,9108,10714
CoreProgress,18,0,1,0,0,19,93,237,330
compile-testing,97,1,14,1,0,113,579,3804,4383
Lunary-Ethereum-Wallet,214,1,6,0,0,221,1171,3474,4645
closure-templates,1926,93,171,19,0,2209,15506,76708,92214
envoy-mobile,388,12,17,28,0,445,3116,9743,12859
Awesome-Learning-Resources,184,2,13,0,0,199,985,2429,3414
epublib,189,5,17,0,0,211,2609,5186,7795
Repeat,599,17,9,0,0,625,3428,10065,13493
AudioVideoRecordingSample,22,0,1,0,0,23,377,911,1288
awesome-spring-boot,40,0,8,2,0,50,156,401,557
FeatureFu,46,0,1,0,0,47,100,292,392
jafka,237,5,39,4,0,285,1901,4813,6714
wolvic,613,22,150,76,0,861,6907,18258,25165
geowave,2972,82,296,25,0,3375,34912,92338,127250
SubmitButton,19,0,0,0,0,19,86,297,383
react-native-calendar-events,16,0,0,0,0,16,227,868,1095
event-sourcing-cqrs-examples,92,1,4,1,0,98,295,1192,1487
android_processing_boilerplate,8,0,0,0,0,8,204,452,656
Strata,4199,68,340,0,0,4607,95405,398584,493989
GiveawayBot,38,4,0,0,0,42,359,1365,1724
rocketmq-dashboard,146,3,16,2,0,167,1381,5222,6603
radiance,2980,40,135,8,0,3163,92672,1007065,1099737
esper,12564,158,1072,51,0,13845,156081,405737,561818
pcgen,4888,70,314,2,2,5276,47966,180969,228935
SlideDateTimePicker,23,0,3,0,0,26,210,459,669
riiablo,1734,58,81,25,0,1898,17188,42574,59762
InviZible,187,6,19,3,0,215,4960,13305,18265
cg-blog,10,0,0,0,0,10,45,45,90
modbus4j,291,0,41,0,0,332,1877,4478,6355
symmetric-ds,1461,57,165,1,0,1684,28771,87719,116490
Slimefun4,650,28,50,2,0,730,5489,33408,38897
overlap2d,484,5,29,1,0,519,5684,11306,16990
diablo-js,21,2,0,0,0,23,431,236,667
Prefuse,558,0,59,0,0,617,8767,17036,25803
download-navi,233,10,33,0,0,276,2890,7963,10853
xstream,1219,12,63,8,11,1313,7912,25658,33570
Kore,667,8,104,0,0,779,7787,15495,23282
hermes,1332,39,218,2,0,1591,8080,27289,35369
spring-test-dbunit,121,2,6,7,0,136,240,1006,1246
fastexcel,82,10,4,0,0,96,1286,4148,5434
webbit,192,5,20,0,0,217,874,3267,4141
URL-Detector,20,5,1,0,0,26,391,1271,1662
GeoIP2-java,50,2,2,0,0,54,392,1778,2170
People-MVVM,24,0,1,0,0,25,107,170,277
concurrent-trees,151,2,10,0,0,163,847,3916,4763
java-object-diff,157,7,47,5,0,216,630,1566,2196
picard,958,73,33,5,0,1069,16443,50368,66811
CVE-2021-44228-Scanner,24,2,2,0,0,28,686,1763,2449
RxPaparazzo,89,4,2,0,0,95,515,1139,1654
cats,503,9,8,15,1,536,2869,16325,19194
phoenicis,451,17,36,6,0,510,2791,8915,11706
ical4j,653,12,26,0,0,691,4211,15368,19579
fess,1373,12,59,4,0,1448,23350,112249,135599
dyn4j,443,5,68,0,0,516,14668,71825,86493
gs-messaging-stomp-websocket,10,0,0,0,0,10,12,39,51
Railcraft,1489,139,140,4,0,1772,11597,48506,60103
apicurio-registry,1154,42,107,9,0,1312,10478,45070,55548
DS-Algo-Point,132,0,0,0,0,132,2262,2391,4653
ejml,890,11,81,0,0,982,26736,58685,85421
react-native-biometrics,6,0,0,0,0,6,56,156,212
MaterialLeanBack,29,0,3,0,0,32,109,274,383
TexasHoldemSolverJava,104,9,0,0,0,113,1865,3324,5189
LLD,2210,240,173,0,0,2623,8907,13723,22630
jediterm,568,25,83,2,0,678,6421,15590,22011
CaA,11,0,0,0,0,11,190,839,1029
scalable-coffee-shop,99,4,0,0,0,103,216,1052,1268
playwright-java,543,31,41,0,0,615,5209,24709,29918
react-native-keep-awake,4,0,0,0,0,4,3,7,10
AppStarter,77,1,6,0,0,84,554,1068,1622
governator,813,9,61,59,0,942,2064,6493,8557
ncalc,376,6,38,0,0,420,5465,11070,16535
EspExceptionDecoder,5,0,0,0,0,5,148,219,367
ofbiz-framework,1915,15,86,4,0,2020,55422,194438,249860
Lucee,2583,11,392,0,0,2986,48915,144243,193158
LatencyUtils,34,1,1,0,0,36,322,712,1034
spring-xd,1738,51,94,9,0,1892,13982,44937,58919
sfntly,418,52,7,0,0,477,3981,9205,13186
yamlbeans,175,8,7,0,0,190,1898,4555,6453
barefoot,174,2,8,0,0,184,2640,10878,13518
finmath-lib,1957,146,255,0,0,2358,43210,90007,133217
RapidView,921,11,87,0,0,1019,9250,24225,33475
cv4j,135,1,4,0,0,140,4014,1938,5952
beatoraja,575,60,27,0,0,662,10517,17191,27708
react-native-tts,8,0,0,0,0,8,59,217,276
java-json-benchmark,60,4,5,0,0,69,519,2187,2706
blog-tutorials,804,1,31,5,3,844,2258,7925,10183
RxWebSocket,37,1,0,0,0,38,66,210,276
instagram-java-scraper,56,3,7,0,0,66,289,897,1186
RxJavaInterop,144,4,0,0,0,148,702,2416,3118
jpetstore-6,36,0,7,0,0,43,428,2074,2502
spring-boot-websocket-chat-demo,6,1,0,0,0,7,7,16,23
java-html-sanitizer,164,7,13,1,0,185,2384,10923,13307
Singularity,856,85,22,4,0,967,10477,44001,54478
viro,216,3,4,0,0,223,1962,4231,6193
helper,346,21,148,8,0,523,2051,7931,9982
jpf-core,1702,24,144,103,0,1973,25503,37336,62839
ExcelCompare,32,1,6,0,0,39,244,511,755
Chronicle-Core,297,29,114,19,0,459,2813,10131,12944
spring-data-commons,1464,117,476,54,12,2123,6798,32031,38829
interview,15,0,0,0,0,15,155,274,429
hivemq-mqtt-client,762,24,341,8,0,1135,6626,21625,28251
EnchantmentCracker,36,1,1,0,0,38,3393,1708,5101
nodebox,612,24,28,0,0,664,5936,23071,29007
jreleaser,1233,45,287,4,0,1569,8944,40120,49064
recycler-fast-scroll,28,0,3,0,0,31,110,260,370
PinyinSearchLibrary,111,5,14,0,0,130,816,1738,2554
cordova-plugin-googleplus,4,0,0,0,0,4,57,157,214
No-Chat-Reports,82,3,5,0,0,90,580,1633,2213
aircompressor,168,6,5,0,0,179,3365,6702,10067
project-rome,83,4,6,0,0,93,600,1726,2326
spark,253,30,51,0,3,337,1876,4998,6874
RxJavaExtensions,2275,16,28,0,0,2319,6647,30810,37457
Chunky,144,1,15,0,8,168,1452,5989,7441
RMSwitch,21,0,3,2,0,26,195,459,654
navi,41,1,2,0,0,44,276,1417,1693
IRecyclerView,48,1,6,0,0,55,238,520,758
SimplifySpan,16,0,2,0,0,18,317,846,1163
elements-of-programming-interviews,403,0,1,0,0,404,1691,8135,9826
RxLocation,76,0,1,0,0,77,284,2152,2436
ATLauncher,582,35,27,3,0,647,6909,23144,30053
hellokoding-courses,540,3,90,3,1,637,2398,7183,9581
gitflow-maven-plugin,20,0,0,0,0,20,471,1195,1666
spring-kata,128,0,16,0,0,144,668,2039,2707
gitflow-maven-plugin,20,0,0,0,0,20,471,1195,1666
sakai,7234,137,1118,15,0,8504,157769,377607,535376
FlycoRoundView,9,0,0,0,0,9,63,173,236
derive4j,110,10,63,6,0,189,515,5173,5688
microservices-basics-spring-boot,42,0,0,1,0,43,126,348,474
arx,1612,43,30,0,0,1685,14860,69264,84124
Calendar-PhoneGap-Plugin,19,1,0,0,0,20,275,1097,1372
EasyFlow,60,10,8,0,0,78,171,787,958
Modular-Architecture-Hexagonal-Demo-Project,172,4,30,4,0,210,324,1914,2238
sagetv,2827,19,75,5,0,2926,54822,112190,167012
restfb,1070,45,25,5,0,1145,3661,16678,20339
Spark,1366,17,72,0,0,1455,14820,54638,69458
FastCSV,43,3,1,0,0,47,415,1333,1748
geckolib,501,15,96,0,102,714,4481,17013,21494
quickscroll,25,0,1,0,0,26,217,689,906
DragSortAdapter,18,0,0,0,0,18,84,188,272
apiman,1532,69,177,13,0,1791,11657,36698,48355
SapMachine,82539,2120,8386,1503,667,95215,1092732,2448679,3541411
ferro,42,0,9,2,0,53,136,407,543
ForgeGradle,160,4,8,0,0,172,1977,7178,9155
DS-Algo,36,0,2,0,0,38,203,323,526
adempiere,4889,8,1108,0,0,6005,152354,413202,565556
docker-workflow-plugin,121,0,0,0,0,121,564,2314,2878
spring-social,252,6,36,1,0,295,1569,5757,7326
igv,1628,66,66,2,0,1762,28481,54077,82558
twilio-java,2210,400,12,0,0,2622,24600,71580,96180
dss,3644,107,160,0,0,3911,48408,141045,189453
storm-contrib,41,1,4,0,0,46,382,587,969
mina-sshd,1586,59,316,0,0,1961,19839,64109,83948
ShowCaseView,7,3,2,0,0,12,155,248,403
haveno,2085,82,124,3,0,2294,18803,83942,102745
testsigma,2298,108,148,3,0,2557,10389,29945,40334
intellij-bootstrap,6,0,1,0,0,7,15,29,44
PowerTunnel,146,8,22,0,0,176,1016,3441,4457
AlertDialogPro,28,0,1,0,0,29,328,622,950
react-native-document-scanner,152,0,9,0,0,161,168375,7480,175855
BoofCV,5662,108,471,0,0,6241,121313,253264,374577
react-qr-code,14,0,0,0,0,14,16,59,75
Droppy,48,0,5,0,0,53,280,539,819
es4j,459,10,56,6,0,531,2260,6812,9072
react-native-audio-streaming,12,0,0,0,0,12,85,190,275
springboot-jwt-starter,25,1,2,0,0,28,122,327,449
react-native-google-places,5,2,0,0,0,7,244,303,547
java-microservices-examples,651,14,40,15,0,720,4347,16293,20640
tray,230,46,17,0,0,293,3743,11189,14932
fluent-validator,150,6,28,6,0,190,618,2586,3204
bnd,3727,151,624,218,5,4725,46744,151249,197993
Orestes-Bloomfilter,64,3,8,0,0,75,1291,5067,6358
tomighty,174,1,19,1,0,195,779,2042,2821
MaxKey,909,10,103,2,0,1024,9293,21232,30525
react-native-oauth,23,0,2,0,0,25,236,722,958
mutual-tls-ssl,99,1,3,3,0,106,407,1819,2226
Xndroid,457,3,14,1,0,475,3265,8549,11814
Citizens2,3793,13,32,0,0,3838,15877,92007,107884
flutterlocation,51,1,9,3,0,64,381,730,1111
CookieBar2,27,0,3,1,0,31,133,257,390
VideoCompressor,23,0,2,0,0,25,509,979,1488
spring-boot-rest-example,15,0,1,0,0,16,41,173,214
concurrentunit,25,0,0,0,0,25,51,129,180
ezyfox-server,953,11,249,1,0,1214,4946,13577,18523
takes,463,2,38,0,0,503,1756,10480,12236
jmockit1,2010,16,119,13,0,2158,7180,17324,24504
Ghidra-Cpp-Class-Analyzer,226,11,34,0,0,271,2502,8002,10504
bigqueue,105,21,10,0,0,136,1819,3294,5113
Duke,254,9,19,0,0,282,2886,9679,12565
Material-ProgressView,27,0,3,2,0,32,350,743,1093
JetBrainsRuntime,83148,2141,8480,1504,703,95976,1098597,2464770,3563367
PlaceholderAPI,48,5,8,0,0,61,307,1490,1797
spring-webmvc-jwt-sample,26,1,2,0,0,29,43,335,378
activej,3283,48,396,72,197,3996,24199,100731,124930
getting-started-guides,9,0,0,0,0,9,7,56,63
LiveVideoBroadcaster,66,2,3,0,0,71,853,1738,2591
TerraLegion,122,7,4,0,0,133,1351,4233,5584
sureness,208,4,21,2,0,235,1533,3813,5346
CalendarFX,564,36,7,0,0,607,4694,15993,20687
OpenPods,41,0,1,0,0,42,176,619,795
Payara,9359,184,1452,141,0,11136,135526,305787,441313
structr,2429,67,396,4,0,2896,32828,142266,175094
cactoos,635,0,10,0,0,645,1499,16336,17835
kafka-streams-machine-learning-examples,114,0,0,0,0,114,97568,2867,100435
moa,1395,13,108,0,0,1516,25657,42209,67866
jenetics,767,14,84,0,42,907,7590,34361,41951
stream-m,143,7,19,4,0,173,1403,1865,3268
AWAE-PREP,43,0,0,0,0,43,138,355,493
tis,1907,65,375,7,0,2354,15737,45258,60995
athenz,1347,35,107,0,0,1489,45890,220954,266844
hivemq-community-edition,1635,37,127,12,0,1811,17254,76904,94158
karyon,254,3,22,5,0,284,1108,2704,3812
jfxtras-styles,97,3,0,0,0,100,1178,5230,6408
robovm,21469,1920,1665,6125,0,31179,154723,406164,560887
kuromoji,167,2,5,0,0,174,2321,5156,7477
zerocode,431,2,20,13,0,466,2754,7680,10434
stendhal,4488,48,108,2,0,4646,29842,158173,188015
Java-JavaFx-Swing-Projects-Desktop-Application-GUI-Software,296,0,0,0,0,296,1640,8428,10068
app-icon,107,1,11,0,0,119,679,1753,2432
FastAsyncWorldEdit,2020,57,213,35,31,2356,30657,70194,100851
kafka-connect-github-source,23,0,0,0,0,23,431,449,880
shinyproxy,32,2,0,0,0,34,209,766,975
univocity-parsers,605,12,29,21,0,667,5421,16236,21657
oxAuth,812,79,55,2,0,948,23441,99341,122782
rex-weather,29,0,1,0,0,30,62,146,208
metrics,612,15,43,8,0,678,8006,18462,26468
mad-location-manager,49,3,7,0,0,59,726,1571,2297
mobsfscan,18,0,0,0,0,18,48,81,129
rulebook,174,3,12,8,0,197,1022,4414,5436
ActivityLauncher,32,0,2,0,0,34,281,728,1009
react-native-system-setting,12,1,0,0,0,13,69,222,291
jfxtras,808,43,43,1,0,895,7437,40575,48012
univocity-trader,733,67,53,20,0,873,7121,32311,39432
Amarok-Hider,54,2,1,0,0,57,265,1204,1469
jfxtras,808,43,43,1,0,895,7437,40575,48012
inception,2862,82,263,3,0,3210,25891,87013,112904
batfish,5989,437,335,1,0,6762,79346,379823,459169
frostwire,2118,74,217,0,0,2409,24082,57137,81219
eventeum,283,6,51,3,0,343,1236,4831,6067
aws-sam-java-rest,28,0,3,0,0,31,169,1283,1452
swagger-maven-plugin,147,2,6,1,0,156,1066,2881,3947
FluentLenium,985,11,104,56,0,1156,3364,23903,27267
LyricViewDemo,28,1,6,1,0,36,326,620,946
slice,90,1,2,0,1,94,1119,6126,7245
Hive2Hive,432,14,43,1,0,490,4608,15705,20313
ArrayVisualizer,66,0,2,0,0,68,524,1235,1759
AppiumTestDistribution,61,3,2,3,0,69,448,1186,1634
startup-os,190,16,45,1,0,252,2424,9004,11428
graphicsfuzz,814,13,34,0,0,861,7236,32295,39531
substratum,235,1,2,0,0,238,3758,11113,14871
XTabLayout,40,0,7,2,0,49,387,630,1017
XmlToJson,9,0,0,0,0,9,277,444,721
service-proxy,1311,27,73,8,1,1420,11154,38579,49733
substratum,235,1,2,0,0,238,3758,11113,14871
MediaPlayer-Extended,95,4,16,0,0,115,946,1717,2663
CarouselPicker,17,2,2,0,0,21,77,191,268
memcached-session-manager,341,13,18,0,0,372,2565,8949,11514
jpmml-sklearn,395,0,29,0,0,424,3181,8113,11294
js-graphql-intellij-plugin,912,20,189,5,0,1126,7903,25391,33294
sora-editor,422,12,82,3,0,519,6135,11891,18026
voj,117,2,26,0,0,145,2062,4784,6846
pgjdbc-ng,680,24,138,4,0,846,7681,29130,36811
sts4,3730,74,442,6,10,4262,30674,88768,119442
roaster,177,6,93,6,0,282,2226,9268,11494
dl-on-flink,362,10,23,0,0,395,3831,12260,16091
blueflood,710,24,38,2,0,774,8393,31712,40105
proctor,522,19,57,0,0,598,5023,24692,29715
EasyFlipViewPager,11,0,0,0,0,11,74,194,268
Sketchware-Pro,3153,36,457,30,0,3676,86148,141685,227833
spring-boot-3-jwt-security,18,3,2,0,0,23,32,194,226
DoctorK,83,1,1,0,0,85,1619,3586,5205
thymeleaf-extras-springsecurity,44,0,2,0,0,46,392,814,1206
intellij-plugin-save-actions,112,14,6,0,0,132,458,1504,1962
AppIntroAnimation,8,0,1,0,0,9,152,229,381
ScrollingPagerIndicator,16,0,1,1,0,18,180,238,418
zingg,303,5,14,0,0,322,2122,6555,8677
TornadoVM,1589,69,85,11,0,1754,25398,62613,88011
luaj,445,2,16,0,0,463,6678,18650,25328
redis-replicator,661,17,28,1,0,707,4723,11698,16421
EvalEx,173,3,5,5,0,186,517,4443,4960
json-schema-validator,246,8,14,0,0,268,2382,6085,8467
ChkBugReport,366,9,8,2,0,385,5626,14397,20023
GaussianBlur,13,0,1,0,0,14,42,162,204
json-schema-validator,246,8,14,0,0,268,2382,6085,8467
gaia,119,5,7,2,0,133,642,3637,4279
Reservoir,37,0,4,0,0,41,92,261,353
BubbleTab,12,0,0,0,0,12,53,147,200
ratelimitj,81,1,9,3,0,94,426,1612,2038
triplea,2753,87,206,12,0,3058,27426,117324,144750
HashTagHelper,8,0,2,0,0,10,42,84,126
spring-boot-data-source-decorator,78,2,3,0,0,83,365,797,1162
science-parse,80,1,2,0,0,83,1482,3572,5054
awesome_notifications,119,15,12,0,0,146,1839,5963,7802
AppIconNameChanger,6,0,0,0,0,6,16,36,52
tinylog,379,4,22,0,0,405,3507,38719,42226
BenchmarkJava,3658,0,1,0,0,3659,43727,67470,111197
Camera,17,0,0,2,0,19,1211,2519,3730
s3ninja,24,2,1,0,0,27,295,1360,1655
aws-athena-query-federation,1104,25,62,0,0,1191,13822,62009,75831
enigma,20,1,0,0,0,21,255,371,626
docs-to-pdf-converter,9,1,0,0,0,10,81,142,223
mybatis-dynamic-sql,524,4,52,0,0,580,5423,23942,29365
cogcomp-nlp,1619,43,39,5,0,1706,29417,61441,90858
datasource-proxy,295,7,32,0,0,334,3446,11661,15107
isolating-the-domain,135,17,13,0,0,165,399,1732,2131
log4jdbc,15,0,2,0,0,17,729,3073,3802
Bytecoder,12307,274,1469,53,33,14136,258100,430154,688254
gdx-texture-packer-gui,0,0,0,0,0,0,0,0,0
ticTacToe,5,2,0,0,0,7,13,49,62
HopLa,30,1,0,0,0,31,205,456,661
depgraph-maven-plugin,127,6,6,0,0,139,1102,4583,5685
steady,1616,83,142,1,0,1842,31549,71272,102821
BotLibre,2911,67,81,2,0,3061,60052,150734,210786
Twire,245,3,19,0,0,267,3158,7220,10378
Java-Deserialization-Scanner,12,1,0,0,0,13,509,1354,1863
WS-Attacker,702,24,43,0,0,769,9331,24149,33480
scalecube-services,145,2,54,10,0,211,1134,4567,5701
sejda,519,36,59,16,2,632,3593,17893,21486
line-fido2-server,227,31,20,1,0,279,1082,3080,4162
aparapi,1100,18,41,26,0,1185,5893,9680,15573
spring-cloud-huawei,458,4,42,4,0,508,2383,5847,8230
RxGroups,84,1,3,2,0,90,372,1108,1480
bibliothecarius,107,5,14,0,0,126,492,940,1432
GlobalPlatformPro,42,10,1,0,0,53,1020,3545,4565
redis-om-spring,412,15,121,22,1,571,4620,25703,30323
jmc,3931,81,323,1,0,4336,35202,92722,127924
Transcoder,78,1,9,1,0,89,548,963,1511
openscoring,60,1,5,1,0,67,582,1061,1643
JColor,15,0,0,0,0,15,302,560,862
flexy-pool,258,1,24,0,0,283,622,2473,3095
PinEntryEditText,14,0,1,0,0,15,117,228,345
concurrency,112,0,0,0,0,112,518,720,1238
alexa-skills-kit-sdk-for-java,217,7,89,0,0,313,1670,6574,8244
stroom,6295,187,1330,35,28,7875,61109,196162,257271
Low-Level-Design,54,7,2,0,0,63,370,1556,1926
sample-spring-microservices,15,1,1,0,0,17,14,107,121
neosemantics,148,0,0,0,0,148,3308,15828,19136
product-apim,2598,120,29,0,0,2747,34980,92712,127692
ToggleButtonGroup,40,0,4,0,0,44,231,464,695
para,244,13,17,7,0,281,3919,19846,23765
selenium-java-lean-test-architecture,16,3,1,0,1,21,44,147,191
json-flattener,25,3,2,0,0,30,412,1588,2000
jtransc,1608,39,271,85,0,2003,22610,40493,63103
product-is,651,33,2,0,0,686,15568,42778,58346
lsp4j,461,23,44,6,0,534,2133,5670,7803
JavaPackager,75,8,0,0,0,83,885,2446,3331
edittext-mask,11,1,0,0,0,12,122,272,394
UberClone,72,0,2,0,0,74,762,2049,2811
YCStateLayout,60,0,7,0,0,67,299,589,888
sample-spring-microservices-new,24,0,3,0,0,27,99,318,417
PickImage,20,1,4,2,0,27,206,505,711
swim,2670,13,365,16,0,3064,35666,111320,146986
yago3,158,3,1,0,0,162,2796,9877,12673
apollo-use-cases,34,0,3,0,0,37,88,267,355
GadgetProbe,22,0,0,0,0,22,146,699,845
RxReplayingShare,14,0,0,0,0,14,169,306,475
PortEx,73,36,9,0,0,118,1915,3541,5456
incubator-paimon,1800,38,207,13,0,2058,19158,87770,106928
ChatKeyboard,78,2,10,1,0,91,575,1242,1817
Mallet,766,0,64,0,0,830,21140,30625,51765
camelinaction2,1026,0,30,0,0,1056,2055,9960,12015
ArchUnit-Examples,460,9,57,42,0,568,444,1430,1874
MCCustomSkinLoader,143,3,25,3,0,174,805,2467,3272
spring-hadoop,1416,28,135,26,0,1605,8839,29820,38659
davmail,363,16,13,0,0,392,6476,23065,29541
Bastillion-EC2,59,0,0,0,0,59,1042,2663,3705
PHONK,442,0,67,7,0,516,4429,11437,15866
Addax,484,80,14,0,0,578,6359,17368,23727
download-manager,193,9,58,1,0,261,1336,2793,4129
bee,36,10,49,21,0,116,179,236,415
linstor-server,2485,67,319,17,0,2888,33532,101928,135460
MCVmComputers,73,5,0,0,0,78,1105,5822,6927
KeenWrite,293,7,21,0,2,323,2438,6802,9240
jigasi,152,3,12,0,0,167,1749,3708,5457
binaryprefs,119,2,20,0,0,141,1290,2188,3478
bttv,230,19,21,0,0,270,736,2281,3017
barber,25,2,1,3,0,31,158,831,989
qpython,711,1,71,1,0,784,8155,19629,27784
Scada-LTS,1877,36,161,0,0,2074,26052,74476,100528
StikkyHeader,53,1,1,0,0,55,221,587,808
sonar-gitlab-plugin,65,5,1,0,0,71,1012,9815,10827
abixen-platform,432,18,41,3,0,494,1838,4106,5944
jackson-dataformat-xml,572,8,12,5,0,597,2568,6529,9097
Important-Java-Concepts,762,4,44,0,0,810,2116,2498,4614
DragListView,62,7,9,0,0,78,500,1147,1647
SquidLib,1014,18,35,2,0,1069,106870,192040,298910
DrawView,101,7,9,0,0,117,566,1717,2283
mbassador,232,4,26,12,0,274,698,1770,2468
jcseg,147,2,13,0,0,162,2944,4734,7678
DateRangePicker,25,2,7,0,0,34,295,720,1015
json-patch,42,1,1,0,0,44,179,574,753
wro4j,1074,11,51,3,0,1139,4508,15277,19785
nailgun,57,1,6,0,0,64,515,934,1449
CreditCardEntry,30,1,2,0,0,33,266,726,992
jboss-eap-quickstarts,434,4,53,14,0,505,1787,4990,6777
easy-es,97,16,22,9,0,144,1375,6810,8185
tokencore,80,2,8,0,0,90,1567,2894,4461
xchange-stream,324,9,5,0,0,338,2538,8437,10975
automon,75,0,5,1,0,81,355,1354,1709
jdeb,101,6,8,0,0,115,904,3450,4354
threetenbp,269,18,9,0,0,296,7344,48829,56173
collect,912,15,103,1,0,1031,8703,42555,51258
Springy-Store-Microservices,69,1,15,0,5,90,272,1482,1754
Java,111,0,1,0,0,112,895,1668,2563
streampipes,1960,119,131,5,0,2215,11922,30875,42797
MCreator,1141,23,46,0,31,1241,12270,57143,69413
procyon,1473,85,94,7,0,1659,18278,48069,66347
MoonBox,739,25,68,1,0,833,6963,15922,22885
jarjar,79,5,4,0,0,88,337,849,1186
logstash-gelf,253,3,12,0,0,268,2056,6562,8618
equalsverifier,855,14,26,48,28,971,3025,11108,14133
BashSupport,736,12,100,0,0,848,3603,21439,25042
Modelio,10341,138,863,4,0,11346,79648,220324,299972
log4j-detector,17,0,2,0,0,19,703,929,1632
amazon-dynamodb-lock-client,40,1,1,0,0,42,1013,4628,5641
parallaxviewpager,2,0,0,0,0,2,32,30,62
spring-data-neo4j,1145,30,360,23,6,1564,7811,34398,42209
LiveLessons,36201,793,5285,0,37,42316,187381,518822,706203
parallel-consumer,199,10,9,0,0,218,2491,8358,10849
jHiccup,12,0,0,0,0,12,166,189,355
sitewhere,719,16,105,0,0,840,3850,12715,16565
selendroid,485,12,53,0,0,550,3989,20859,24848
alipay-easysdk,143,2,2,0,0,147,1699,6876,8575
jacob-project,105,0,2,0,0,107,1073,3077,4150
odd-platform,561,38,171,5,103,878,3563,24577,28140
spring-roo,833,52,226,71,0,1182,15879,52188,68067
ananas-desktop,290,12,28,0,0,330,2249,6591,8840
scenic-view,187,10,17,0,0,214,1661,4556,6217
kafka-spark-consumer,37,1,3,0,0,41,411,778,1189
event-ruler,121,3,4,0,0,128,3258,11969,15227
TempleApp,74,0,3,0,0,77,308,749,1057
geometry-api-java,393,11,43,0,0,447,21861,50233,72094
cortana-scripts,31,0,0,0,0,31,501,1134,1635
Qualitis,611,37,127,0,0,775,8094,21830,29924
BottomBarLayout,27,0,1,0,0,28,191,447,638
java-dns-cache-manipulator,15,0,0,0,0,15,287,485,772
GAppsMod,50,0,2,0,0,52,356,990,1346
simplenlg,109,27,2,0,0,138,2697,8322,11019
IPED,1697,19,73,0,0,1789,29387,66999,96386
BlackObfuscator,2120,30,211,7,0,2368,31608,68861,100469
reCAPTCHA,39,0,1,0,0,40,611,1374,1985
oraxen,285,12,6,0,5,308,3087,9768,12855
cassandre-trading-bot,223,5,23,5,0,256,1747,16703,18450
TLS-Attacker,1631,89,18,0,0,1738,12206,42603,54809
zeus-iot,609,25,60,6,0,700,2890,9385,12275
CoinExchange_CryptoExchange_Java,795,43,81,4,0,923,6687,21076,27763
freecol,1115,94,40,0,0,1249,26919,80811,107730
common-random,34,4,2,0,0,40,501,1596,2097
DrivenByMoss,1098,63,155,0,7,1323,15772,60202,75974
ice,137,10,13,3,0,163,1007,4378,5385
realworld-serverless-application,160,0,6,0,0,166,894,2962,3856
owasp-java-encoder,90,5,0,0,0,95,680,2040,2720
BerylEnigma,205,2,0,2,0,209,2199,5711,7910
circular-with-floating-action-button,6,0,0,0,0,6,15,36,51
redpen,271,5,5,1,0,282,6810,26387,33197
platform,42,0,0,0,0,42,414,1555,1969
hilla,859,17,41,82,3,1002,2627,11431,14058
jpa-with-hibernate,46,1,2,0,0,49,169,456,625
microstream,2146,20,1192,11,0,3369,19943,56790,76733
react-native-baidu-map,77,0,12,0,0,89,578,1723,2301
Design-Patterns,124,2,20,0,0,146,318,636,954
causeway,7778,338,907,218,0,9241,21982,90936,112918
bulbasaur,148,1,14,4,0,167,1213,5437,6650
TemplateAppProject,102,0,3,0,0,105,314,1644,1958
sirix,1102,94,143,4,21,1364,16149,48418,64567
EasyOCR,0,0,0,0,0,0,0,0,0
ObjectLogger,30,2,4,1,0,37,187,301,488
bonecp,132,2,17,0,0,151,1954,8126,10080
domain_hunter,53,0,0,0,0,53,376,748,1124
TencentKona-8,54846,1282,6128,1061,0,63317,789990,1425946,2215936
org.alloytools.alloy,409,19,22,2,0,452,9498,35315,44813
redissyncer-server,1092,43,87,1,0,1223,7226,28506,35732
datacap,564,27,44,2,0,637,2402,6459,8861
XposedSmsCode,154,5,31,6,0,196,1108,3028,4136
EasyPay,34,1,3,0,0,38,102,185,287
objenesis,153,2,7,1,0,163,499,1250,1749
AlbumCameraRecorder,224,3,30,2,0,259,2165,6746,8911
AAChartCore,107,1,13,0,0,121,1625,5945,7570
lunar-java,126,0,0,0,0,126,2358,13654,16012
PlayPicdio,366,2,14,1,0,383,314260,12742,327002
Android_Me,2,0,0,0,0,2,1,4,5
Advance-Android-Tutorials,97,0,0,0,0,97,977,634,1611
android_frameworks_base,29751,292,2792,1946,0,34781,508904,1455852,1964756
AndroidAcp,28,0,2,0,0,30,125,305,430
AndroidOCR,15,0,0,0,0,15,148,282,430
and-nd-firebase,6,0,0,0,0,6,24,42,66
android-docs-samples,97,0,5,0,0,102,463,1133,1596
butter-android,904,21,250,14,0,1189,5721,14161,19882
AndroidModuleDemo,432,2,149,1,0,584,2761,7353,10114
android5xlsx,2,0,0,0,0,2,38,54,92
AndroidEmoji,22,0,1,0,0,23,113,318,431
android-fundamentals-starter-apps-v2,10,1,0,0,0,11,48,115,163
androidbible,602,25,67,2,0,696,8718,16754,25472
braintree_android,555,1,51,18,0,625,5941,20967,26908
AndroidRocker,7,3,2,0,0,12,135,180,315
analytics-android,141,4,7,1,0,153,931,2549,3480
android-chess,243,0,6,0,0,249,3292,4678,7970
AndroidDocumentViewer,81,1,1,0,0,83,563,1228,1791
SalesforceMobileSDK-Android,446,38,20,0,0,504,8046,32223,40269
AndroidProjectCreator,20,2,0,0,0,22,286,584,870
AndroidOnboarder,12,0,0,0,0,12,104,229,333
edx-app-android,1008,42,97,2,0,1149,6528,18379,24907
Data-Structures-and-Algorithms,33,1,0,0,0,34,289,447,736
KSYLive_Android,368,3,8,0,0,379,2858,5554,8412
android-quickstart,12,0,0,0,0,12,69,236,305
glucosio-android,236,6,11,0,0,253,1720,4910,6630
roman10-android-tutorial,890,20,52,6,0,968,8799,15298,24097
DeepNewdsForAndroid,2694,43,343,59,0,3139,36552,61235,97787
AndroidMultiLanguage,22,0,0,0,0,22,74,209,283
AndroidOpenGLTutorial,198,1,6,0,0,205,4940,9318,14258
android,961,2,18,0,0,981,7885,28372,36257
android-sliding-menu-demo,21,0,1,0,0,22,117,284,401
android,239,2,7,3,0,251,1382,3222,4604
AndroidProgressLayout,12,1,0,0,0,13,40,194,234
AndroidAutoSwitcher,43,1,4,0,0,48,117,327,444
AndroidRandomColor,9,3,0,0,0,12,95,376,471
android-undergarment,7,0,1,0,0,8,94,116,210
Android-App-Development,136,0,7,0,0,143,833,2638,3471
mirakel-android,729,26,66,0,0,821,7872,22250,30122
AlexaAndroid,217,6,14,0,0,237,1163,2730,3893
Ice_and_Fire,812,25,39,0,0,876,13244,74717,87961
android-money-manager-ex,830,42,26,0,0,898,9293,20211,29504
android-wifi-connecter,29,1,1,0,0,31,178,465,643
master-spring-and-spring-boot,170,0,12,1,8,191,313,993,1306
android-rest-client-template,6,0,1,0,0,7,15,35,50
android-beacon-library-reference,15,0,0,0,0,15,45,187,232
CastVideos-android,66,2,6,1,0,75,419,1237,1656
matomo-sdk-android,103,3,5,0,0,111,967,4728,5695
sdkdemoapp3.0_android,566,6,6,0,0,578,2502,7565,10067
ShareSDK-for-Android,208,0,13,0,0,221,1775,6052,7827
Android-Serialport,27,5,1,0,0,33,198,227,425
Thermal-Printer-in-Android,17,0,0,0,0,17,152,241,393
react-native-webview-android,11,0,0,0,0,11,71,226,297
speedtest-android,71,0,0,0,0,71,669,885,1554
data-structures-and-algorithms,474,5,0,0,0,479,3130,4511,7641
matrix-android-sdk,1149,7,55,0,0,1211,7381,19486,26867
PasscodeLock-Android,19,0,0,0,0,19,132,264,396
spotify-web-api-android,163,0,6,1,0,170,743,1551,2294
MultiFunctionAndroidDemo,148,2,0,0,0,150,443,1895,2338
Cognitive-Face-Android,134,10,1,0,0,145,1021,2999,4020
FakerAndroid,224,2,8,0,0,234,2979,6643,9622
android-downloader,54,0,9,2,0,65,337,835,1172
Android-IM,182,1,5,0,0,188,766,2478,3244
spring-unit-testing-with-junit-and-mockito,23,0,2,0,0,25,61,290,351
android-range-seek-bar,5,2,1,0,0,8,168,336,504
ROS-Mobile-Android,356,3,62,0,0,421,7507,10207,17714
mastering-kafka-streams-and-ksqldb,74,2,2,0,0,78,467,1205,1672
country-picker-android,30,0,3,0,0,33,132,1466,1598
sync-android,630,8,21,1,0,660,8006,28787,36793
android-card-form,60,2,4,1,0,67,373,3413,3786
ble-test-peripheral-android,30,0,1,0,0,31,142,448,590
android-gif-encoder,3,0,0,0,0,3,328,112,440
android-play-safetynet,18,0,1,0,0,19,84,250,334
Android-PWA-Wrapper,8,0,0,0,0,8,45,97,142
android-toggle,7,0,2,0,0,9,228,824,1052
Android-Permissions,13,0,0,0,0,13,61,154,215
android-AppUsageStatistics,10,1,0,0,0,11,37,102,139
opencv_native_androidstudio,155,0,8,0,0,163,312818,8324,321142
rides-android-sdk,98,9,8,0,0,115,1188,4860,6048
virtual-joystick-android,4,0,2,0,0,6,81,121,202
Android-nRF-Mesh-Library,925,25,96,10,0,1056,7872,24722,32594
Android-ChatHead,16,0,0,0,0,16,142,195,337
turbolinks-android,28,0,2,0,0,30,123,397,520
Android-CircleMenu,13,1,4,0,0,18,145,270,415
Connect-SDK-Android,1,0,0,0,0,1,1,16,17
grouter-android,157,0,7,9,0,173,1183,2657,3840
EasyRTMP-Android,155,0,4,0,0,159,916,2273,3189
Android-FloatWindow,32,0,1,0,0,33,144,339,483
UltimateAndroidAppTemplate,21,0,1,0,0,22,272,527,799
audio-analyzer-for-android,58,5,2,0,0,65,2010,2683,4693
android-gfycat,29,1,4,0,0,34,122,419,541
android-gradle-book-code,34,0,0,0,0,34,31,123,154
Git-Credential-Manager-for-Mac-and-Linux,72,5,12,0,0,89,784,2286,3070
EspBlufiForAndroid,48,1,1,0,0,50,647,1341,1988
TorrentStream-Android,20,1,1,0,0,22,213,210,423
android-movies-demo,33,1,5,0,0,39,753,964,1717
carstream-android-auto,117,2,10,2,0,131,634,1376,2010
FFmpeg-Android,11,2,3,0,0,16,202,457,659
android-emulator-detector,6,0,1,0,0,7,64,169,233
openmw-android,82,8,5,0,0,95,1079,1766,2845
Data-Structures-and-Algorithms--using-JAVA,37,0,0,0,0,37,313,417,730
SmartControl_Android_MQTT,697,0,20,0,0,717,4032,10076,14108
android-bomber,165,0,5,0,0,170,284,2532,2816
android-video-trimmer,36,3,4,0,0,43,816,1543,2359
android-ruler-picker,11,0,2,0,0,13,79,265,344
Android,200,5,8,0,0,213,2004,3823,5827
aard2-android,93,1,2,0,0,96,872,1768,2640
PDFCreatorAndroid,69,5,4,0,0,78,630,1417,2047
pd-for-android,77,3,2,0,0,82,649,1635,2284
FancyAlertDialog-Android,7,1,1,1,0,10,43,71,114
ViaFabric,185,0,10,0,0,195,559,2841,3400
Android-MVP-Sample-Application,18,0,7,3,0,28,22,54,76
sardine-android,100,2,4,1,0,107,560,1244,1804
Modbus4Android,158,0,24,0,0,182,948,2024,2972
Android-LuckyMonkeyPanel,8,0,1,0,0,9,46,55,101
ehreader-android,177,0,3,0,0,180,1567,3621,5188
android-slidr,28,0,8,0,0,36,324,764,1088
LagouAndroidShare,95,0,5,0,0,100,330,560,890
PhilipsHueSDK-Java-MultiPlatform-Android,34,0,0,0,0,34,143,375,518
Face-Liveness-Detection-SDK-Android,57,2,4,0,0,63,533,925,1458
N26AndroidSamples,98,1,28,6,0,133,259,959,1218
Android-Carbon-Forum,99,0,5,0,0,104,638,1871,2509
Android-EmotionInputDetector,31,0,1,0,0,32,150,281,431
osmeditor4android,1064,34,82,0,0,1180,23119,73127,96246
FancyWalkthrough-Android,14,0,1,0,0,15,153,381,534
ulogger-android,49,0,5,0,0,54,989,2484,3473
poi-on-android,13,0,0,0,0,13,258,361,619
Android-ExpandableTextView,15,0,1,0,0,16,38,96,134
Android-SwitchDateTimePicker,39,1,6,0,0,46,711,1418,2129
symja_android_library,4177,101,362,8,0,4648,75187,1159433,1234620
android-crackme-challenge,94,0,0,0,0,94,228,765,993
react-native-android-sms-listener,3,0,0,0,0,3,18,41,59
android-PlacesAutocompleteTextView,61,6,10,0,0,77,490,1389,1879
android-http-server,260,0,26,0,0,286,1513,5994,7507
httptoolkit-android,21,1,3,0,0,25,540,1069,1609
tflite-android-transformers,15,0,1,0,0,16,188,313,501
jellyfin-android-original,19,0,0,0,0,19,216,587,803
android-thinkmap-treeview,96,0,13,3,0,112,2196,3228,5424
awesome-android-animation,0,0,0,0,0,0,0,0,0
android-inline-youtube-view,26,0,3,2,0,31,152,406,558
android-gradle-template,99,0,8,0,0,107,300,1048,1348
OriSim3D-Android,30,1,1,0,0,32,953,1692,2645
android-material-icons,11,1,0,0,0,12,69,210,279
Pluto-Android,162,7,9,9,0,187,2110,4040,6150
react-native-android-activity,13,0,0,0,0,13,37,84,121
secure-storage-android,6,1,0,0,0,7,74,266,340
android-file-chooser,24,0,8,0,0,32,497,1018,1515
happy-dns-android,45,1,3,0,0,49,438,896,1334
Android-SerialPort,15,6,2,0,0,23,110,149,259
DigiView-Android,24,4,1,0,0,29,193,421,614
pdfview-android,23,0,6,0,0,29,748,1104,1852
InteractiveInfoWindowAndroid,37,1,1,0,0,39,190,444,634
Android-FloatWindow,60,0,3,0,0,63,589,647,1236
android-support-preference,128,0,12,5,0,145,1682,3229,4911
mosmetro-android,179,3,4,0,0,186,827,3111,3938
android-postfix-plugin,31,1,0,0,0,32,106,344,450
Android-Developer-Toolbelt,26,1,3,0,0,30,178,500,678
overscroll-bouncy-android,20,0,1,0,0,21,202,290,492
BiglyBT-Android,607,8,97,6,0,718,10143,24597,34740
gradle-android-ribbonizer-plugin,13,0,1,0,0,14,60,139,199
hsv-alpha-color-picker-android,20,0,1,0,0,21,200,539,739
AdBlockedWebView-Android,26,0,2,0,0,28,124,456,580
A_Guide_to_Running_Tensorflow_Models_on_Android,47,0,1,0,0,48,2982,132,3114
Relearn-Android,115,0,8,0,0,123,366,1067,1433
Android-NoSql,18,0,2,0,0,20,135,434,569
androidsvgdrawable-plugin,53,6,2,0,0,61,397,1009,1406
android-camera2-secret-picture-taker,8,0,1,0,0,9,48,130,178
dp3t-app-android-demo,61,5,2,0,0,68,569,1704,2273
Aria2Android,11,0,1,0,0,12,38,201,239
aosp-android-jar,56848,771,6581,3780,0,67980,982477,2158747,3141224
Android-Face-Recognition-with-Deep-Learning-Test-Framework,42,0,0,0,0,42,208,470,678
warpinator-android,42,3,0,0,0,45,797,2042,2839
stingle-photos-android,443,6,27,1,0,477,5483,12823,18306
RxSocialConnect-Android,69,2,9,0,0,80,229,1257,1486
onlinebookstore,26,2,5,0,0,33,322,545,867
docker-crash-course,62,0,6,0,0,68,153,395,548
Shizuku-API,74,0,12,4,0,90,504,1268,1772
core,5246,23,449,419,0,6137,11498,45527,57025
Kafdrop,87,2,4,0,0,93,532,1991,2523
socialview,30,0,5,0,0,35,124,486,610
weixin-java-demo-springmvc,18,0,1,0,0,19,122,354,476
poi,32,1,3,0,0,36,436,846,1282
hadoop-connectors,364,19,23,0,0,406,6359,27772,34131
CraftBook,563,21,19,0,0,603,5755,22400,28155
opencast,2736,121,325,4,0,3186,39154,145073,184227
cordova-plugin-fingerprint-aio,10,2,1,0,0,13,116,328,444
halyard,1394,44,39,4,0,1481,5080,16592,21672
exist,2974,92,258,14,0,3338,59719,174985,234704
amazon-neptune-tools,350,33,39,0,0,422,3371,12321,15692
spring-login,12,0,2,0,0,14,26,111,137
wopihost,10,1,0,0,0,11,102,187,289
connectors,274,8,26,0,0,308,2150,8763,10913
droolsjbpm-integration,2607,46,155,7,0,2815,32202,113695,145897
Whatsapp4j,302,98,98,1,64,563,1876,11897,13773
httl,361,10,25,2,0,398,4245,10759,15004
NativePageTransitions,29,2,0,0,0,31,150,456,606
redis-protocol,160,3,7,0,0,170,2289,7910,10199
jredis,195,23,51,2,0,271,3481,9982,13463
FHIR,4356,342,162,12,0,4872,98953,369563,468516
support-diagnostics,74,1,4,0,0,79,1366,3294,4660
rest-assured-workshop,22,0,0,0,0,22,71,348,419
netty-spring-example,14,0,0,0,0,14,27,118,145
react-native-wifi-reborn,13,7,0,0,0,20,58,225,283
gisgraphy,1017,15,48,0,0,1080,14123,56551,70674
vaadin4spring,30,1,15,4,0,50,156,570,726
birt,12663,79,1423,0,0,14165,232599,526172,758771
react-native-ssl-pinning,6,0,0,0,0,6,123,234,357
librootjava,54,0,1,0,0,55,278,795,1073
react-native-perspective-image-cropper,119,0,7,0,0,126,167943,6808,174751
ngWebDriver,33,0,0,11,0,44,142,818,960
stubby4j,246,13,7,4,0,270,4556,14350,18906
graphql-java-spring,32,0,8,0,0,40,187,724,911
spring-cloud-circuitbreaker,66,0,0,0,0,66,280,1297,1577
UMLGraph,332,8,16,0,0,356,770,2312,3082
universa,624,28,67,3,0,722,19658,69876,89534
spring-cloud-stream-binder-kafka,263,5,12,0,0,280,3129,9986,13115
CXTouch,224,6,19,2,0,251,2391,5139,7530
perf4j,137,0,7,1,0,145,919,3572,4491
RxFingerprint,37,2,2,0,0,41,164,907,1071
sonar-scanner-cli,25,1,0,0,0,26,365,1778,2143
kafka-tutorials,151,0,1,0,0,152,1596,5988,7584
IPAddress,363,13,59,0,0,435,12667,45810,58477
spring-boot-thymeleaf,16,0,1,1,0,18,27,88,115
tesseract4java,282,15,22,0,0,319,4288,9094,13382
concourse,7814,1005,69,22,0,8910,133848,302111,435959
ObscuraCam,81,0,7,0,0,88,1211,2086,3297
Sponge,3086,20,513,2,0,3621,17138,65489,82627
jsr354-api,127,2,24,0,0,153,605,2804,3409
MeteoInfo,2211,76,85,0,0,2372,71009,119590,190599
Downloader,62,0,10,2,0,74,636,1359,1995
Box2D-for-Processing,7,0,0,0,0,7,110,298,408
jpa-hibernate-tutorials,29,1,9,0,0,39,135,129,264
Aspose.Words-for-Java,766,0,1,0,0,767,10844,44308,55152
beanshooter,82,19,18,0,0,119,1230,4700,5930
javajungsuk3,1275,12,26,4,0,1317,4309,8577,12886
SuntimesWidget,1286,43,28,0,0,1357,18475,50746,69221
Music-Player,361,4,33,0,0,398,2540,8975,11515
ThinkJavaCode,57,0,0,0,0,57,383,708,1091
cloud-native-spring-in-action,1038,23,50,0,200,1311,3635,21018,24653
incubator-baremaps,356,8,21,0,55,440,3153,10454,13607
EMVemulator,3,0,0,0,0,3,55,172,227
midpoint,8358,250,550,34,0,9192,105417,434563,539980
LeetCode,604,0,0,0,0,604,4508,4251,8759
cloudbreak,16948,863,1930,84,2,19827,210345,651042,861387
gomobile-ipfs,57,2,0,0,0,59,649,2847,3496
zuul-auth-example,10,0,0,0,0,10,13,75,88
java-spring-cloud,186,0,6,1,0,193,476,1998,2474
ImageJ,534,4,18,0,0,556,65788,75818,141606
frisbee,309,1,19,0,0,329,1370,4179,5549
Mujina,55,1,0,0,0,56,225,982,1207
full-reactive-stack,13,0,2,0,0,15,49,252,301
react-native-version-number,2,0,0,0,0,2,7,13,20
bintray-examples,36,0,0,0,0,36,22,66,88
spring-boot-postgresql-jpa-hibernate-rest-api-demo,8,0,2,0,0,10,8,41,49
sofa-lookout,629,30,80,3,0,742,3908,8929,12837
barcode-scanner,3,0,0,0,0,3,64,176,240
jzy3d-api,1178,57,112,0,0,1347,18964,50018,68982
spring-webflux-security-jwt,14,0,0,0,0,14,30,87,117
SmsRadar,15,2,2,0,0,19,130,320,450
CodeKatas,161,12,20,0,13,206,1642,10294,11936
jsondoc,220,9,5,28,0,262,882,2926,3808
cascading,1389,60,132,9,0,1590,14751,62746,77497
fx2048,11,2,1,0,1,15,217,784,1001
amazon-kinesis-agent,256,6,14,0,0,276,2806,8885,11691
react-native-gl-model-view,33,0,6,0,0,39,386,668,1054
rmiscout,19,0,3,0,0,22,328,846,1174
MOEAFramework,1026,14,34,5,0,1079,9822,31413,41235
kubernetes-crash-course,73,0,8,0,0,81,203,469,672
pulsar-flink,232,9,17,0,0,258,2940,10404,13344
datasophon,351,23,83,3,0,460,2743,9308,12051
phabricator-jenkins-plugin,100,2,1,0,0,103,966,3014,3980
GemsFX,222,15,4,0,0,241,2586,8957,11543
MCXR,84,2,13,0,0,99,1044,4874,5918
okhttp-signpost,5,0,0,0,0,5,14,26,40
opensky-api,8,2,0,0,0,10,144,517,661
Hyperium,789,28,54,6,0,877,6821,23206,30027
artio,706,31,118,1,0,856,13041,42157,55198
statsd-jvm-profiler,59,0,0,0,0,59,293,917,1210
jcifs-ng,461,4,81,0,0,546,8210,15463,23673
ContentBlocker,91,3,12,0,0,106,715,2158,2873
ImmersivePortalsMod,449,15,92,1,29,586,6181,19541,25722
coursework,26,0,0,0,0,26,266,242,508
SerialKillerBypassGadgetCollection,21,0,1,0,0,22,157,268,425
geojson-jackson,34,1,1,0,0,36,165,702,867
cybergarage-upnp,219,0,14,0,0,233,4001,5103,9104
spring-boot-mysql-rest-api-tutorial,6,0,1,0,0,7,11,27,38
cloud-platform-iot-starterkit,93,6,3,0,0,102,783,1720,2503
rewrite,543,2,17,4,0,566,47447,18308,65755
closure-stylesheets,468,24,25,0,0,517,4011,18798,22809
opencodez-samples,300,2,29,0,0,331,918,1884,2802
ceylon,8222,393,1088,349,0,10052,87102,177488,264590
cloudhopper-smpp,172,3,17,0,0,192,1957,6632,8589
smooks,1319,15,196,10,0,1540,27822,53731,81553
hipster,202,7,23,0,0,232,988,3013,4001
flutter_barcode_scanner,27,2,6,2,0,37,321,415,736
SORMAS-Project,3883,333,306,46,0,4568,63681,247663,311344
vraptor4,692,7,99,36,0,834,2725,13465,16190
video-transcoder,54,5,1,0,0,60,508,1580,2088
VWorkflows,143,3,35,0,0,181,2487,5898,8385
miglayout,140,6,3,0,0,149,3002,11955,14957
freej2me,314,0,85,0,0,399,6471,11365,17836
conjure,212,28,49,11,0,300,670,4445,5115
Y_DividerItemDecoration,26,0,1,0,0,27,157,393,550
ProtocolLib,482,46,44,1,0,573,4485,14520,19005
constellation,3676,82,215,2,0,3975,55737,170975,226712
spring-swagger2markup-demo,23,0,1,0,0,24,43,143,186
vertx-jooq,588,16,79,0,0,683,3763,21674,25437
dhis2-core,5003,307,697,26,1,6034,59582,299753,359335
RoughlyEnoughItems,671,41,181,14,13,920,5115,20807,25922
azure-spring-apps-training,39,0,4,0,0,43,143,271,414
alovoa,157,1,23,0,0,181,1542,4786,6328
donkey,84,6,17,0,0,107,563,3123,3686
java-fundamentals-exercises,119,2,16,0,0,137,1029,3844,4873
NotifyUtil,18,0,0,0,0,18,94,342,436
minihud,102,7,13,0,0,122,1586,4174,5760
lambda-behave,98,1,18,1,0,118,300,1658,1958
CLAVIN,59,7,5,0,0,71,1140,3035,4175
PortAuthority,48,0,8,0,0,56,477,1096,1573
jeddict,1176,49,64,3,0,1292,11643,36903,48546
fpinjava,1789,17,126,0,0,1932,5982,42666,48648
PhotonFileValidator,117,4,5,0,0,126,1422,6698,8120
alibabacloud-microservice-demo,201,0,41,0,0,242,777,1530,2307
FastAsyncWorldedit,1502,40,59,12,0,1613,25856,54179,80035
substrate,102,10,1,0,0,113,1869,6614,8483
thucydides,1271,23,60,39,0,1393,6563,25840,32403
Google-Maps-2018,40,0,3,0,0,43,157,447,604
cloud-code-samples,42,1,5,0,0,48,157,455,612
Firestorm,388,9,18,0,0,415,7134,25497,32631
hibernate-tools,653,2,39,0,0,694,5980,19277,25257
SpringBoot-MyBatis,26,0,9,0,0,35,42,130,172
angularjs-springmvc-sample,43,2,2,0,0,47,160,615,775
zk,5459,29,367,39,0,5894,37985,118374,156359
fabric-chaincode-java,234,6,27,9,0,276,1949,6833,8782
LightZone-backup,1674,15,163,0,0,1852,23284,42741,66025
CoreProtect,208,1,3,0,0,212,5762,14057,19819
xssValidator,4,0,37,0,0,41,170,169,339
spring-hateoas-examples,58,1,8,0,0,67,99,1085,1184
PanelStudio,642,33,63,0,0,738,2940,15187,18127
kcctl,92,3,1,1,20,117,433,1642,2075
retrowatch,178,0,16,0,0,194,4217,4496,8713
